Year,School,G,Pts,Pass_Cmp,Pass_Att,Pass_Pct,Pass_Yds,Pass_TD,Rush_Att,Rush_Yds,Rush_Avg,Rush_TD,Total_Plays,Total_Yds,Total_YPP,FD_Pass,FD_Rush,FD_Pen,FD_Total,Pen_Total,Pen_Yds,Fum,Int,Turnovers
2003,Boise State,14,43.0,21.1,34.9,60.3,336.3,2.4,40.9,150.1,3.7,2.9,75.8,486.4,6.4,13.5,7.6,2.1,23.2,7.2,70.1,0.9,0.6,1.5
2003,Miami (OH),14,43.0,25.9,38.2,67.9,340.9,2.7,37.0,160.3,4.3,2.6,75.2,501.1,6.7,16.1,8.6,1.7,26.4,6.7,59.0,0.6,0.8,1.4
2003,Oklahoma,14,42.9,21.3,34.2,62.2,292.7,3.1,38.5,146.7,3.8,1.9,72.7,439.4,6.0,12.4,8.2,1.9,22.5,6.1,48.1,0.4,0.8,1.2
2003,Texas Tech,13,42.5,38.9,60.0,64.9,475.3,4.1,23.7,107.5,4.5,1.5,83.7,582.8,7.0,23.5,6.9,1.8,32.2,7.8,74.1,0.9,1.8,2.7
2003,USC,13,41.1,21.1,34.0,62.0,291.6,3.0,35.0,155.9,4.5,1.5,69.0,447.5,6.5,11.7,7.9,1.9,21.5,5.3,48.8,1.0,0.7,1.7
2003,Texas,13,41.0,14.3,25.4,56.4,206.6,1.7,45.2,232.5,5.1,3.2,70.5,439.2,6.2,8.6,13.2,1.2,22.9,7.7,63.2,1.4,0.7,2.1
2003,Minnesota,13,38.7,13.5,22.1,61.3,205.5,1.4,52.5,289.2,5.5,3.5,74.6,494.6,6.6,8.9,15.3,0.8,25.1,5.8,50.6,0.8,0.5,1.3
2003,North Carolina State,13,37.6,27.5,38.2,72.0,352.3,2.7,30.2,100.8,3.3,1.5,68.3,453.2,6.6,15.5,6.3,2.2,23.9,7.7,69.8,0.9,0.5,1.5
2003,Kansas State,15,36.6,12.9,24.7,52.3,212.4,1.7,45.9,228.6,5.0,2.8,70.6,441.0,6.2,8.5,11.7,1.1,21.3,6.5,48.4,0.9,1.1,2.0
2003,Akron,12,36.3,23.9,37.4,63.9,311.3,1.8,39.5,158.9,4.0,2.3,76.9,470.3,6.1,14.2,8.6,1.8,24.6,6.3,56.6,0.6,0.8,1.4
2003,Oklahoma State,13,35.9,14.7,26.9,54.6,197.0,1.6,40.2,217.8,5.4,2.6,67.1,414.8,6.2,9.5,11.0,1.2,21.7,6.8,62.5,0.8,1.0,1.8
2003,Michigan,13,35.4,21.8,36.6,59.7,270.8,2.0,41.4,175.9,4.3,2.2,78.0,446.7,5.7,12.6,10.2,1.1,23.9,4.9,39.8,0.7,0.8,1.5
2003,Virginia Tech,13,35.4,13.9,23.5,59.3,192.5,1.3,39.6,209.3,5.3,2.5,63.1,401.8,6.4,9.3,10.0,1.0,20.3,6.3,54.8,0.9,1.2,2.1
2003,Hawaii,14,34.7,31.7,53.9,58.9,384.4,3.0,22.7,103.7,4.6,1.3,76.6,488.1,6.4,16.6,5.4,2.1,24.1,7.5,66.4,0.7,1.9,2.6
2003,Louisville,13,34.6,18.2,30.4,60.0,260.7,1.5,39.8,228.2,5.7,2.7,70.2,488.8,7.0,10.6,10.8,1.3,22.7,7.5,61.0,0.6,0.9,1.5
2003,Houston,13,34.5,17.2,28.2,60.8,242.8,2.0,50.1,215.5,4.3,2.4,78.3,458.3,5.9,9.2,13.3,1.3,23.8,8.5,72.5,1.5,0.5,2.0
2003,Connecticut,12,34.0,23.6,40.3,58.6,297.9,2.8,38.6,179.6,4.7,1.8,78.8,477.5,6.1,13.7,9.0,2.1,24.8,6.0,49.5,0.5,1.2,1.7
2003,Ole Miss,13,34.0,21.7,34.5,62.8,286.0,2.4,37.8,147.2,3.9,1.4,72.3,433.2,6.0,12.6,8.5,1.5,22.7,6.2,51.6,0.7,0.8,1.5
2003,LSU,14,33.9,18.2,28.6,63.6,232.6,2.1,42.4,185.7,4.4,1.7,71.0,418.4,5.9,10.1,9.9,1.3,21.3,7.3,60.4,0.9,1.1,2.0
2003,Bowling Green State,14,33.6,24.6,37.7,65.3,300.4,2.3,41.6,196.3,4.7,2.1,79.4,496.7,6.3,14.1,11.8,0.9,26.8,5.8,46.2,1.1,0.9,2.0
2003,Arkansas,13,33.5,12.8,23.4,54.9,189.4,1.5,48.2,241.9,5.0,2.6,71.5,431.3,6.0,9.0,10.9,1.1,21.0,6.5,54.9,1.0,0.7,1.7
2003,Oregon State,13,33.3,21.1,41.1,51.3,328.1,1.9,40.5,134.9,3.3,1.9,81.5,463.0,5.7,13.7,7.5,2.5,23.7,11.2,110.2,1.0,1.9,2.9
2003,California,14,32.6,19.9,32.3,61.5,264.6,2.0,38.7,168.3,4.3,2.0,71.0,432.9,6.1,12.1,8.9,1.9,22.9,5.8,46.5,0.9,0.6,1.4
2003,Toledo,12,32.4,24.8,35.3,70.4,278.3,2.4,37.7,184.5,4.9,1.8,72.9,462.8,6.3,12.8,9.9,1.3,23.9,6.1,56.2,0.5,0.7,1.2
2003,Florida State,13,32.2,19.2,33.7,56.8,269.6,2.0,36.2,133.2,3.7,1.5,69.8,402.8,5.8,10.2,8.9,2.2,21.4,7.0,64.2,0.9,1.0,1.9
2003,Northern Illinois,12,32.2,17.3,29.2,59.1,218.9,2.1,42.3,160.0,3.8,1.7,71.5,378.9,5.3,9.0,8.8,1.8,19.6,5.6,51.3,0.6,0.8,1.4
2003,Maryland,13,31.2,15.4,27.8,55.4,230.4,1.5,42.5,191.3,4.5,1.8,70.2,421.7,6.0,10.0,10.2,1.4,21.5,6.3,53.6,0.8,0.5,1.4
2003,Tulsa,13,30.8,16.2,28.2,57.5,196.1,1.8,39.6,191.7,4.8,2.2,67.8,387.8,5.7,7.4,10.6,1.0,19.0,6.6,64.1,0.8,0.9,1.8
2003,Missouri,13,30.7,17.3,28.8,60.0,166.0,1.1,42.4,237.5,5.6,2.9,71.2,403.5,5.7,7.8,12.1,1.2,21.1,5.4,46.9,0.4,0.6,1.0
2003,Navy,13,30.5,5.7,12.2,46.8,100.3,0.6,58.5,323.2,5.5,3.4,70.6,423.5,6.0,4.2,16.9,0.9,22.0,4.5,37.2,1.1,0.5,1.5
2003,Washington State,13,30.3,20.0,36.8,54.4,271.2,1.7,37.2,115.0,3.1,1.2,74.0,386.2,5.2,11.3,6.6,1.2,19.2,11.5,94.6,1.4,1.7,3.1
2003,Memphis,13,30.2,20.0,36.2,55.3,263.0,1.8,40.8,181.5,4.5,1.7,76.9,444.5,5.8,10.9,9.0,2.0,21.9,6.2,49.5,1.2,1.0,2.2
2003,New Mexico,13,30.1,12.4,23.6,52.4,190.5,1.5,47.4,210.0,4.4,2.2,71.0,400.5,5.6,7.3,11.4,1.4,20.1,6.9,60.2,0.8,1.1,1.8
2003,Florida,13,30.0,18.8,31.2,60.1,245.4,1.5,34.9,146.0,4.2,1.6,66.2,391.4,5.9,10.4,7.7,1.5,19.6,7.4,59.3,0.8,1.1,1.8
2003,Pitt,13,29.9,19.3,32.8,58.8,288.2,2.9,37.2,117.5,3.2,0.9,70.0,405.7,5.8,11.7,7.5,1.2,20.4,5.3,40.2,0.6,1.1,1.7
2003,Kansas,13,29.5,19.6,31.8,61.6,255.9,1.9,37.8,165.5,4.4,1.5,69.7,421.5,6.0,10.9,9.5,1.5,22.0,6.5,51.2,0.8,1.2,2.0
2003,Colorado State,13,29.3,16.7,27.5,60.8,248.2,1.7,41.8,190.8,4.6,1.9,69.2,438.9,6.3,10.2,9.9,1.2,21.3,4.8,41.0,1.5,1.2,2.6
2003,Marshall,12,29.2,21.3,31.4,67.6,244.6,1.8,41.6,196.3,4.7,1.9,73.0,440.9,6.0,9.6,10.9,2.3,22.8,6.3,58.0,1.3,1.5,2.8
2003,TCU,13,29.2,15.3,26.8,57.0,221.6,0.9,50.7,207.7,4.1,2.1,77.5,429.3,5.5,10.1,10.2,2.5,22.8,8.1,72.2,0.9,0.8,1.8
2003,West Virginia,13,28.9,9.9,19.4,51.2,156.5,1.5,46.2,212.5,4.6,1.9,65.5,368.9,5.6,5.9,9.2,1.7,16.8,8.0,71.1,0.9,0.6,1.5
2003,Iowa,13,28.7,13.2,24.7,53.3,161.2,1.5,41.1,172.9,4.2,1.5,65.8,334.1,5.1,7.3,8.9,0.9,17.2,6.2,49.5,0.8,0.8,1.6
2003,Utah,12,28.7,16.9,27.3,61.9,214.0,1.4,44.9,160.5,3.6,2.1,72.3,374.5,5.2,8.9,10.2,1.0,20.1,7.5,64.4,1.3,0.4,1.7
2003,Rice,12,28.6,5.1,10.7,47.7,80.3,0.5,57.3,316.7,5.5,2.9,67.9,397.0,5.8,3.3,15.5,1.8,20.6,5.3,45.3,1.1,0.8,1.9
2003,Boston College,13,28.5,17.2,30.5,56.4,222.5,1.8,42.8,182.1,4.2,1.8,73.4,404.5,5.5,9.8,9.6,1.8,21.2,8.1,60.5,0.8,1.0,1.8
2003,Clemson,13,28.1,23.1,37.7,61.2,283.6,1.8,35.8,136.8,3.8,1.5,73.5,420.5,5.7,12.0,8.5,2.8,23.3,6.4,56.5,0.5,1.0,1.5
2003,Tennessee,13,28.1,18.3,32.5,56.4,233.4,2.2,35.6,138.5,3.9,1.2,68.1,371.8,5.5,10.8,7.7,1.6,20.2,7.2,68.0,0.8,0.7,1.5
2003,Tulane,12,28.1,21.1,35.4,59.5,257.8,2.8,33.8,132.4,3.9,0.8,69.2,390.2,5.6,11.7,8.2,1.9,21.8,5.5,51.0,1.0,1.2,2.2
2003,Virginia,13,28.0,24.3,35.8,67.8,255.7,1.8,33.8,130.2,3.9,1.3,69.6,385.9,5.5,12.1,7.2,0.9,20.2,5.0,42.8,0.5,0.9,1.4
2003,Michigan State,13,27.9,24.0,38.9,61.7,270.0,1.6,30.0,97.4,3.2,1.2,68.9,367.4,5.3,11.5,6.3,1.7,19.5,9.5,81.5,0.2,1.2,1.4
2003,Wake Forest,12,27.9,12.2,20.8,58.6,151.5,0.7,47.4,203.3,4.3,2.6,68.2,354.8,5.2,6.6,10.8,1.3,18.7,5.1,43.7,0.8,0.8,1.6
2003,Miami (FL),13,27.8,18.8,31.5,59.8,215.1,1.2,39.0,179.8,4.6,1.4,70.5,394.9,5.6,10.3,8.8,1.2,20.3,9.5,79.0,1.2,1.5,2.7
2003,Middle Tennessee State,12,27.7,18.7,30.5,61.2,226.7,1.5,41.2,144.6,3.5,1.9,71.7,371.3,5.2,9.8,7.6,1.9,19.3,7.4,68.3,0.9,0.7,1.6
2003,Western Michigan,12,27.6,22.7,37.5,60.4,308.4,2.6,28.7,81.1,2.8,1.1,66.2,389.5,5.9,11.9,4.8,1.1,17.8,6.9,55.4,0.8,1.7,2.5
2003,North Texas,13,27.5,9.4,17.3,54.2,149.9,1.2,43.2,177.5,4.1,2.2,60.5,327.5,5.4,5.6,9.1,1.2,15.9,8.8,86.9,1.0,0.7,1.7
2003,Oregon,13,27.4,19.0,32.8,57.8,252.9,1.8,37.6,131.9,3.5,1.2,70.5,384.8,5.5,10.5,7.6,1.6,19.8,7.8,69.7,1.1,1.0,2.1
2003,Rutgers,12,27.4,20.0,33.8,59.1,229.8,1.3,41.5,139.9,3.4,1.6,75.3,369.7,4.9,10.5,7.8,1.5,19.8,6.8,53.4,0.8,1.6,2.4
2003,Kentucky,12,27.3,17.2,31.8,54.1,202.2,1.5,36.2,125.1,3.5,2.0,67.9,327.3,4.8,8.9,8.3,0.9,18.1,6.8,56.0,0.7,0.8,1.5
2003,Wisconsin,13,27.3,14.2,25.5,55.4,217.9,1.4,44.1,177.0,4.0,1.8,69.6,394.9,5.7,9.5,10.5,0.8,20.7,5.1,37.9,0.9,1.0,1.9
2003,Air Force,12,26.8,7.7,15.3,50.3,104.9,0.7,59.7,280.6,4.7,2.6,74.9,385.5,5.1,4.8,15.3,1.2,21.3,4.2,32.8,0.8,0.7,1.4
2003,Kent State,12,26.8,16.0,33.2,48.2,219.8,1.3,41.7,156.0,3.7,1.8,74.8,375.8,5.0,9.2,9.3,2.2,20.6,6.2,58.9,0.9,0.8,1.8
2003,Purdue,13,26.8,19.5,32.2,60.6,224.0,1.2,42.5,148.9,3.5,1.7,74.7,372.9,5.0,9.6,9.3,1.4,20.3,6.5,53.6,0.7,0.5,1.2
2003,Syracuse,12,26.7,15.5,25.9,59.8,180.3,0.8,42.4,189.4,4.5,2.3,68.3,369.8,5.4,7.6,9.7,0.7,17.9,6.6,55.2,0.9,0.7,1.6
2003,Colorado,12,26.6,23.6,37.7,62.6,279.3,2.3,36.3,93.5,2.6,1.3,73.9,372.8,5.0,11.6,6.2,1.9,19.7,7.0,56.4,1.3,1.1,2.3
2003,Georgia,14,26.5,19.6,32.9,59.4,245.4,1.0,40.1,134.9,3.4,1.6,73.1,380.3,5.2,11.3,8.1,0.9,20.2,8.5,73.7,0.4,0.9,1.3
2003,North Carolina,12,26.4,21.5,35.8,60.1,243.9,1.8,32.3,150.4,4.7,1.4,68.0,394.3,5.8,11.0,7.4,1.4,19.8,5.7,48.7,1.2,0.9,2.1
2003,Auburn,13,26.3,15.5,24.8,62.5,192.2,0.8,41.6,184.0,4.4,2.5,66.5,376.2,5.7,8.3,9.6,1.0,18.9,5.7,50.2,0.8,0.7,1.5
2003,Washington,12,26.0,22.5,40.4,55.7,269.7,1.4,38.7,119.5,3.1,1.6,79.1,389.2,4.9,11.9,7.5,3.2,22.6,7.7,62.3,1.3,1.2,2.5
2003,Louisiana Tech,12,25.8,22.3,40.2,55.4,293.3,1.7,30.0,137.8,4.6,1.2,70.2,431.1,6.1,10.8,8.3,2.3,21.5,7.5,57.7,1.0,1.3,2.3
2003,Alabama,13,25.5,15.5,29.7,52.1,191.6,1.3,39.6,158.9,4.0,1.3,69.3,350.5,5.1,8.5,8.5,1.2,18.2,6.1,50.4,0.5,1.2,1.7
2003,Cincinnati,12,25.3,19.3,36.5,52.7,228.4,1.2,43.2,165.0,3.8,1.5,79.7,393.4,4.9,9.8,9.4,1.4,20.7,6.4,55.7,1.5,0.8,2.3
2003,Texas A&M,12,25.3,14.8,27.5,53.9,212.6,1.0,39.9,177.3,4.4,1.8,67.4,389.8,5.8,8.7,8.6,2.2,19.4,6.7,53.7,1.4,1.1,2.5
2003,South Florida,11,25.1,15.3,31.5,48.6,177.9,1.1,38.5,130.3,3.4,1.6,70.0,308.2,4.4,7.6,7.6,1.1,16.4,9.4,83.0,1.3,1.1,2.4
2003,Arizona State,12,24.8,20.3,38.8,52.5,274.3,2.1,33.6,117.3,3.5,0.9,72.3,391.6,5.4,11.1,6.7,1.6,19.3,7.9,71.1,1.3,0.9,2.3
2003,Nebraska,13,24.8,7.2,14.8,49.0,109.4,0.6,55.1,235.6,4.3,2.2,69.8,345.0,4.9,4.2,12.7,1.2,18.2,6.8,54.6,1.1,0.8,1.8
2003,Ohio State,13,24.8,16.0,28.2,56.8,206.1,1.5,38.0,126.1,3.3,1.1,66.2,332.2,5.0,9.1,7.2,0.7,16.9,7.2,61.5,0.8,1.0,1.8
2003,Wyoming,12,23.8,20.8,36.3,57.1,261.2,1.9,30.9,84.4,2.7,0.9,67.3,345.6,5.1,11.2,6.8,1.4,19.4,5.8,47.0,0.5,0.8,1.3
2003,Nevada,12,23.5,15.8,32.2,49.2,215.7,1.3,39.8,171.1,4.3,1.4,72.0,386.8,5.4,8.8,9.7,1.8,20.2,7.2,62.4,0.7,1.3,2.0
2003,San Jose State,11,23.5,24.8,42.1,59.0,282.4,1.6,32.3,104.3,3.2,0.9,74.4,386.6,5.2,11.9,7.4,1.2,20.5,7.3,64.5,0.9,0.5,1.5
2003,Central Michigan,12,23.1,15.8,28.6,55.1,174.8,1.4,45.1,195.8,4.3,1.7,73.7,370.7,5.0,8.3,10.9,1.3,20.5,5.3,50.9,0.8,0.8,1.6
2003,Fresno State,14,23.0,19.1,33.6,56.8,192.1,1.1,37.7,160.4,4.3,1.3,71.3,352.6,4.9,9.3,8.1,1.0,18.4,7.0,66.6,0.4,1.1,1.5
2003,Southern Mississippi,13,22.5,14.5,28.0,51.6,202.8,1.3,40.2,122.1,3.0,1.1,68.2,324.9,4.8,8.8,6.7,0.9,16.4,5.7,45.8,1.2,1.0,2.2
2003,South Carolina,12,22.3,14.8,29.7,49.7,193.7,1.0,38.6,161.4,4.2,1.8,68.3,355.1,5.2,7.7,9.8,1.3,18.8,5.5,45.3,0.4,1.0,1.4
2003,Louisiana,12,22.2,20.8,36.4,57.2,219.0,1.1,35.2,116.5,3.3,1.5,71.6,335.5,4.7,10.1,6.8,1.0,17.8,6.9,59.8,0.7,1.3,1.9
2003,UTEP,13,22.2,15.9,31.5,50.6,197.7,1.0,41.7,169.3,4.1,1.5,73.2,367.0,5.0,7.8,9.3,2.0,19.2,8.4,66.5,1.2,1.8,3.1
2003,Utah State,12,22.0,20.4,37.2,54.9,242.0,1.6,31.2,108.3,3.5,1.2,68.3,350.3,5.1,10.3,7.3,1.2,18.8,9.6,74.9,1.5,1.0,2.5
2003,Ohio,12,21.9,10.0,19.8,50.4,154.3,0.8,50.8,183.4,3.6,2.2,70.6,337.7,4.8,4.9,11.0,1.5,17.4,5.8,46.8,1.6,0.6,2.2
2003,Ball State,12,21.8,20.5,35.2,58.3,227.5,1.8,35.2,114.8,3.3,0.8,70.3,342.3,4.9,10.3,6.1,1.2,17.5,5.8,48.1,0.8,1.0,1.8
2003,New Mexico State,12,21.8,14.7,23.8,61.8,198.3,0.8,49.3,211.8,4.3,1.8,73.0,410.0,5.6,9.5,10.9,0.8,21.3,6.5,56.8,1.0,1.1,2.1
2003,UNLV,12,21.3,15.6,30.8,50.7,175.8,1.0,40.2,133.4,3.3,0.9,70.9,309.3,4.4,8.8,6.8,1.9,17.5,8.2,66.8,1.0,0.9,1.9
2003,Georgia Tech,13,21.1,15.3,29.2,52.5,170.2,1.0,39.2,160.5,4.1,1.2,68.3,330.6,4.8,8.4,8.5,1.2,18.2,5.2,44.3,0.9,1.0,1.9
2003,Idaho,12,20.7,19.9,37.1,53.7,254.8,1.7,33.6,125.0,3.7,0.8,70.7,379.8,5.4,11.3,6.8,1.1,19.2,7.0,58.3,1.3,1.1,2.3
2003,UAB,12,20.4,13.7,28.1,48.7,216.6,1.3,36.9,132.4,3.6,0.9,65.0,349.0,5.4,7.8,6.7,1.9,16.4,6.4,52.4,1.3,1.1,2.3
2003,Notre Dame,12,20.3,16.3,34.3,47.4,179.1,0.8,39.3,157.3,4.0,1.1,73.6,336.3,4.6,8.1,7.7,1.4,17.2,6.3,51.0,0.6,1.6,2.2
2003,Arkansas State,12,20.2,13.4,27.3,49.1,151.4,0.8,38.3,159.2,4.2,1.7,65.7,310.6,4.7,6.8,8.0,1.4,16.3,8.9,71.2,0.8,1.8,2.5
2003,Northwestern,13,20.2,13.7,25.8,53.1,163.2,0.3,45.6,212.2,4.7,2.3,71.4,375.4,5.3,6.4,11.2,1.2,18.8,6.0,45.6,1.0,1.0,2.0
2003,Louisiana-Monroe,12,19.9,20.0,37.5,53.3,221.0,1.6,33.3,98.8,3.0,0.9,70.8,319.8,4.5,9.3,6.6,1.8,17.7,8.0,63.4,1.1,1.7,2.8
2003,Temple,12,19.6,19.5,37.0,52.7,224.8,1.1,34.6,119.9,3.5,1.4,71.6,344.7,4.8,11.3,6.7,1.8,19.8,8.4,67.9,0.5,1.0,1.5
2003,Vanderbilt,12,19.6,16.3,28.9,56.5,207.1,1.7,39.8,145.0,3.6,0.8,68.7,352.1,5.1,9.6,9.1,1.3,19.9,4.8,39.4,1.1,1.3,2.3
2003,Penn State,12,19.4,16.5,33.0,50.0,191.3,0.9,33.1,122.0,3.7,1.2,66.1,313.3,4.7,7.9,8.1,1.8,17.8,3.3,23.2,1.0,0.8,1.8
2003,UCLA,13,19.1,17.4,33.1,52.6,203.0,0.9,35.0,91.9,2.6,0.8,68.1,294.9,4.3,8.7,5.5,1.9,16.1,8.4,75.1,1.3,1.2,2.5
2003,Mississippi State,12,18.8,17.3,32.9,52.4,202.0,1.3,30.9,118.7,3.8,1.1,63.8,320.7,5.0,8.3,6.4,1.6,16.3,8.8,72.4,1.3,2.1,3.3
2003,San Diego State,12,18.7,20.1,36.8,54.5,217.4,0.8,34.4,122.5,3.6,0.9,71.3,339.9,4.8,9.8,7.0,1.7,18.5,6.8,61.4,1.0,1.4,2.4
2003,UCF,12,18.7,20.8,33.8,61.6,221.8,1.3,30.0,97.9,3.3,0.9,63.8,319.8,5.0,9.6,6.3,1.1,17.0,8.7,72.3,1.3,1.6,2.8
2003,East Carolina,12,18.1,17.6,30.0,58.6,172.9,0.5,41.8,138.3,3.3,1.3,71.8,311.3,4.3,7.7,8.8,1.8,18.2,6.3,51.2,1.2,1.5,2.7
2003,Duke,12,17.6,14.7,29.9,49.0,170.9,0.7,45.6,172.1,3.8,1.3,75.5,343.0,4.5,8.3,10.3,1.4,19.9,6.0,44.6,0.8,0.7,1.4
2003,Eastern Michigan,12,17.1,15.0,27.7,54.2,153.7,0.7,37.4,116.8,3.1,1.3,65.1,270.5,4.2,7.3,6.3,1.5,15.0,4.3,36.0,0.5,1.3,1.8
2003,Illinois,12,16.9,22.8,37.6,60.8,229.7,1.3,31.3,110.7,3.5,0.4,68.8,340.3,4.9,11.0,6.8,1.4,19.2,5.1,39.8,0.8,1.3,2.2
2003,Stanford,11,16.9,17.2,36.1,47.6,187.2,1.1,37.6,95.8,2.5,0.9,73.7,283.0,3.8,8.7,5.8,2.2,16.7,7.9,69.2,0.7,1.6,2.4
2003,Brigham Young,12,16.3,20.4,37.4,54.6,215.0,1.1,33.1,99.6,3.0,0.6,70.5,314.6,4.5,9.5,5.8,1.7,17.0,7.3,63.8,1.4,1.8,3.3
2003,Baylor,12,15.9,16.3,28.7,56.7,171.4,0.9,39.8,110.0,2.8,0.7,68.5,281.4,4.1,7.3,7.3,1.0,15.6,7.8,64.8,1.1,1.0,2.1
2003,Army,13,15.8,20.9,40.4,51.8,207.2,1.0,31.2,63.5,2.0,0.8,71.5,270.8,3.8,9.9,4.5,2.8,17.2,5.1,45.8,1.5,1.9,3.4
2003,Troy,12,15.4,11.0,25.9,42.4,139.3,0.7,42.8,154.6,3.6,1.3,68.8,293.9,4.3,6.1,8.9,1.2,16.2,6.8,55.3,1.3,1.3,2.6
2003,Arizona,12,15.1,15.4,32.9,46.8,183.7,1.2,31.7,123.8,3.9,0.8,64.6,307.5,4.8,7.6,4.9,1.6,14.1,7.0,64.0,0.6,1.9,2.5
2003,Buffalo,12,14.8,12.9,25.3,51.0,121.8,0.5,44.1,168.8,3.8,1.0,69.4,290.6,4.2,5.1,9.2,1.8,16.1,6.1,50.3,0.8,0.6,1.4
2003,Indiana,12,14.8,14.5,27.5,52.7,166.5,0.3,46.3,155.3,3.4,1.3,73.8,321.8,4.4,8.3,10.1,1.2,19.5,5.1,42.3,0.7,0.8,1.4
2003,Iowa State,12,14.4,14.3,31.5,45.5,176.8,0.8,37.2,120.7,3.2,0.8,68.7,297.5,4.3,7.3,7.3,1.4,15.9,5.7,49.3,0.8,1.3,2.1
2003,SMU,12,11.2,11.3,24.2,46.6,131.3,0.6,42.0,129.3,3.1,0.5,66.2,260.7,3.9,5.2,9.3,1.1,15.5,7.3,58.2,0.9,1.3,2.2
2004,Louisville,12,49.8,21.3,29.9,71.3,288.6,2.3,44.5,250.4,5.6,3.9,74.4,539.0,7.2,13.7,12.1,1.2,26.9,5.6,51.9,0.9,0.4,1.3
2004,Boise State,12,48.9,18.4,29.6,62.3,262.8,1.5,49.7,229.8,4.6,4.1,79.3,492.7,6.2,12.0,12.6,1.5,26.1,6.4,55.9,0.8,1.1,1.8
2004,Utah,12,45.3,19.3,28.7,67.4,263.7,2.8,43.8,236.1,5.4,3.0,72.4,499.8,6.9,11.3,12.1,2.0,25.4,7.3,63.8,0.8,0.4,1.2
2004,Bowling Green State,12,44.3,26.1,39.3,66.3,338.1,3.4,36.0,168.3,4.7,1.9,75.3,506.3,6.7,16.2,8.8,1.2,26.1,6.8,54.4,0.5,0.3,0.8
2004,Fresno State,12,40.2,14.6,24.8,58.7,177.0,1.9,42.2,227.5,5.4,3.0,67.0,404.5,6.0,8.2,10.8,1.5,20.5,7.7,72.1,0.6,1.3,1.8
2004,USC,13,38.2,21.7,33.1,65.6,271.7,2.6,37.9,177.4,4.7,2.1,71.0,449.1,6.3,11.5,9.5,1.5,22.5,5.6,46.2,0.9,0.5,1.5
2004,California,12,36.8,18.3,27.6,66.2,235.7,2.3,42.4,256.8,6.1,2.5,70.0,492.4,7.0,10.5,12.2,1.6,24.3,5.9,56.1,0.8,0.7,1.5
2004,Texas Tech,12,36.2,35.5,54.3,65.4,399.7,2.8,24.4,92.0,3.8,1.9,78.7,491.7,6.3,18.4,5.8,2.6,26.8,9.2,75.0,0.5,1.5,2.0
2004,Hawaii,13,35.9,28.5,48.9,58.2,338.6,2.9,20.3,95.9,4.7,1.3,69.2,434.5,6.3,15.8,5.1,1.2,22.2,6.0,49.8,0.6,1.4,2.0
2004,Memphis,12,35.8,19.6,35.1,55.8,257.2,2.1,40.2,203.2,5.1,2.2,75.3,460.3,6.1,11.1,10.4,1.4,22.9,6.4,52.7,0.4,1.3,1.7
2004,UTEP,12,35.8,19.1,32.8,58.3,251.3,2.4,37.8,142.3,3.8,1.7,70.6,393.6,5.6,10.3,7.5,2.1,19.8,6.2,52.6,0.8,1.5,2.3
2004,Texas,12,35.3,13.3,22.9,57.8,165.3,1.0,51.3,299.2,5.8,3.4,74.2,464.4,6.3,7.7,14.8,1.2,23.7,7.7,59.3,0.6,0.9,1.5
2004,Northern Illinois,12,35.1,14.0,25.4,55.1,200.6,1.8,45.8,238.2,5.2,2.3,71.3,438.8,6.2,8.5,11.8,1.4,21.8,5.6,50.4,0.1,0.9,1.0
2004,Oklahoma,13,34.8,20.6,31.2,66.0,253.7,2.8,43.5,208.4,4.8,1.7,74.7,462.1,6.2,11.1,11.3,1.5,23.8,6.5,56.4,0.7,0.7,1.4
2004,Toledo,13,33.2,23.7,34.5,68.6,298.4,2.2,40.5,160.8,4.0,2.0,75.1,459.2,6.1,11.2,10.0,1.8,23.1,5.5,50.5,1.2,0.8,1.9
2004,TCU,11,32.9,18.5,33.2,55.9,264.5,1.9,43.3,166.2,3.8,2.4,76.5,430.7,5.6,11.5,8.5,2.0,22.1,8.8,82.5,0.5,0.7,1.2
2004,Oklahoma State,12,32.3,8.7,16.8,51.7,143.5,1.2,49.5,237.0,4.8,2.7,66.3,380.5,5.7,5.4,12.4,0.9,18.8,4.4,35.4,0.3,0.4,0.8
2004,Auburn,13,32.1,16.2,23.7,68.5,237.4,1.9,42.5,183.3,4.3,2.1,66.2,420.7,6.4,9.5,10.3,1.0,20.8,6.2,52.8,0.9,0.7,1.6
2004,Florida,12,31.8,20.3,33.9,59.7,271.1,2.4,34.6,155.8,4.5,1.7,68.5,426.9,6.2,11.5,8.4,1.3,21.2,8.8,70.3,0.7,1.0,1.7
2004,Purdue,12,31.8,24.8,40.5,61.1,321.2,3.2,35.3,125.3,3.5,0.9,75.8,446.5,5.9,14.2,7.4,1.8,23.3,5.9,52.3,0.8,0.7,1.5
2004,Miami (FL),12,31.7,17.3,30.8,55.9,234.3,1.8,35.2,131.0,3.7,1.3,66.0,365.3,5.5,10.4,6.8,0.7,17.9,7.9,61.3,0.6,0.5,1.1
2004,Miami (OH),13,31.3,21.3,35.4,60.2,279.6,1.8,34.8,120.1,3.4,1.9,70.2,399.7,5.7,12.8,7.5,1.5,21.8,6.3,51.5,1.1,1.2,2.3
2004,UAB,12,31.0,16.6,30.1,55.1,256.1,2.2,35.9,146.9,4.1,1.5,66.0,403.0,6.1,10.6,8.7,1.9,21.2,6.6,51.6,0.8,0.7,1.4
2004,Michigan,12,30.8,20.7,34.6,59.8,232.9,2.1,40.1,153.6,3.8,1.3,74.7,386.5,5.2,10.4,9.2,1.3,20.8,5.2,45.6,0.8,1.0,1.8
2004,Virginia Tech,13,30.8,13.8,24.5,56.1,187.3,1.8,42.5,178.2,4.2,1.4,67.0,365.5,5.5,8.3,9.8,1.8,19.9,7.7,63.9,0.8,0.7,1.5
2004,Kent State,11,30.5,22.1,35.2,62.8,224.8,1.7,37.7,154.1,4.1,2.2,72.9,378.9,5.2,9.7,9.3,2.3,21.3,7.0,61.6,1.3,0.7,2.0
2004,Connecticut,12,30.3,24.3,38.7,62.9,281.3,1.9,35.1,148.4,4.2,1.3,73.8,429.8,5.8,13.8,7.4,1.3,22.4,5.6,52.1,0.8,1.3,2.0
2004,Virginia,12,30.3,14.9,23.7,63.0,180.6,0.8,45.8,242.8,5.3,2.8,69.5,423.4,6.1,8.1,12.6,1.3,22.0,5.6,50.0,0.4,0.4,0.8
2004,Minnesota,12,30.1,10.7,22.4,47.6,181.5,1.4,47.7,256.8,5.4,2.4,70.1,438.3,6.3,7.0,12.3,1.2,20.4,5.4,38.9,0.3,0.8,1.1
2004,UCLA,12,30.1,17.0,29.8,57.0,225.1,1.8,38.8,184.9,4.8,1.5,68.7,410.0,6.0,9.6,8.9,1.7,20.2,5.4,43.4,1.1,1.1,2.2
2004,West Virginia,12,30.1,12.4,21.6,57.5,166.1,1.7,49.2,252.8,5.1,1.9,70.8,418.9,5.9,7.1,11.7,1.5,20.3,8.9,84.0,0.9,0.9,1.8
2004,Arizona State,12,29.8,24.1,41.8,57.6,317.3,2.9,36.3,118.1,3.3,0.5,78.1,435.4,5.6,13.7,6.5,1.8,21.9,7.4,68.6,1.1,0.8,1.9
2004,Arkansas,11,29.8,14.7,26.0,56.6,210.5,1.7,42.5,187.4,4.4,2.0,68.5,397.9,5.8,9.2,9.4,1.1,19.6,5.7,41.4,0.5,1.2,1.7
2004,Eastern Michigan,11,29.8,21.3,41.3,51.5,262.1,1.9,38.5,165.8,4.3,1.3,79.7,427.9,5.4,11.4,10.0,1.1,22.5,7.3,67.2,1.1,1.2,2.3
2004,Nevada,12,29.7,23.2,39.4,58.8,264.7,1.5,38.6,154.1,4.0,2.2,78.0,418.8,5.4,12.8,9.3,1.4,23.6,7.7,68.4,1.0,1.2,2.2
2004,Air Force,11,29.6,10.3,17.2,59.8,148.1,1.1,58.9,277.4,4.7,2.9,76.1,425.5,5.6,7.2,14.6,1.9,23.7,5.2,45.4,0.7,0.7,1.5
2004,Kansas State,11,29.6,16.0,28.5,56.1,177.9,1.1,43.6,185.8,4.3,2.3,72.2,363.7,5.0,8.0,10.9,1.5,20.5,6.3,45.3,1.4,0.8,2.2
2004,Michigan State,12,29.4,19.5,33.3,58.6,221.5,1.3,41.7,238.5,5.7,1.8,74.9,460.0,6.1,10.1,11.3,1.1,22.4,6.3,54.0,0.6,1.4,2.0
2004,Tennessee,13,29.1,16.2,28.9,55.9,213.5,2.1,40.0,186.0,4.7,1.6,68.9,399.5,5.8,10.3,9.2,1.8,21.2,6.5,56.3,0.5,1.2,1.7
2004,Tulsa,12,28.8,15.3,28.2,54.4,186.8,1.1,42.8,168.4,3.9,2.0,70.9,355.3,5.0,7.6,10.6,1.9,20.1,6.3,56.1,0.8,1.3,2.2
2004,Cincinnati,12,28.7,18.2,31.3,58.0,222.2,2.2,43.8,183.4,4.2,1.4,75.1,405.6,5.4,9.9,9.6,1.4,20.9,6.4,50.2,1.0,1.0,2.0
2004,LSU,12,28.7,14.9,26.6,56.1,201.8,1.6,42.2,193.8,4.6,1.7,68.8,395.6,5.8,9.7,10.4,0.8,20.8,6.0,45.6,1.3,0.8,2.1
2004,San Jose State,11,28.4,12.3,23.9,51.3,175.7,1.4,40.1,162.0,4.0,2.0,64.0,337.7,5.3,6.4,9.8,1.5,17.7,6.3,55.6,1.1,0.8,1.9
2004,Texas A&M,12,28.4,18.6,31.5,59.0,261.2,1.5,36.2,167.3,4.6,2.0,67.7,428.4,6.3,10.9,7.8,1.4,20.1,8.3,71.3,0.8,0.3,1.1
2004,Georgia,12,27.9,16.8,30.3,55.4,247.7,2.0,38.6,156.8,4.1,1.3,68.8,404.5,5.9,11.0,7.9,0.7,19.6,7.8,66.3,1.2,0.4,1.6
2004,Navy,12,27.8,5.4,10.2,53.3,99.3,0.7,57.4,289.5,5.0,3.0,67.6,388.8,5.8,4.0,15.3,0.6,19.9,4.2,35.8,1.0,0.3,1.3
2004,Tulane,11,27.3,18.4,30.7,59.8,234.1,2.5,34.2,126.5,3.7,1.0,64.9,360.6,5.6,10.8,6.8,1.1,18.7,5.6,50.7,0.5,1.2,1.7
2004,Pitt,12,27.1,19.3,34.5,56.0,260.1,2.0,37.3,97.8,2.6,0.8,71.8,357.8,5.0,11.1,6.2,2.1,19.3,5.8,46.7,0.5,0.6,1.1
2004,Oregon State,12,26.7,23.9,44.3,53.9,308.8,2.4,31.5,70.7,2.2,0.8,75.8,379.5,5.0,14.8,3.8,1.8,20.3,8.6,78.8,0.9,1.4,2.3
2004,North Carolina,12,26.6,16.8,28.3,59.6,214.4,1.5,36.3,176.3,4.9,1.6,64.6,390.7,6.0,9.8,8.0,0.7,18.5,5.4,42.8,0.7,0.9,1.6
2004,Wyoming,12,26.5,19.6,33.6,58.3,240.4,1.6,39.8,129.3,3.2,1.3,73.4,369.8,5.0,10.9,7.5,3.3,21.8,6.9,60.3,0.5,1.3,1.8
2004,Florida International,10,26.1,22.0,38.6,57.0,245.9,1.5,30.0,132.7,4.4,1.2,68.6,378.6,5.5,11.5,7.2,0.8,19.5,5.3,41.6,0.4,1.6,2.0
2004,North Texas,12,25.8,11.6,20.8,55.6,157.6,1.2,40.9,186.4,4.6,1.8,61.8,344.0,5.6,6.4,8.6,1.6,16.6,7.7,69.2,0.8,0.3,1.1
2004,Southern Mississippi,12,25.8,14.2,29.3,48.4,181.3,1.3,39.2,144.9,3.7,1.7,68.4,326.3,4.8,8.3,8.2,1.1,17.6,6.9,59.4,0.8,0.8,1.5
2004,Louisiana Tech,12,25.7,12.8,25.0,51.3,179.8,0.9,40.8,200.3,4.9,2.1,65.8,380.0,5.8,6.8,9.8,1.8,18.4,7.1,59.1,1.3,0.9,2.3
2004,Oregon,11,25.6,20.8,35.3,59.0,238.3,2.0,39.0,158.7,4.1,1.1,74.3,397.0,5.3,10.7,9.2,1.6,21.5,8.6,79.7,1.3,0.9,2.2
2004,Rice,11,25.4,5.4,12.4,43.4,75.3,0.5,62.5,306.5,4.9,2.7,74.9,381.8,5.1,3.5,15.9,2.2,21.6,5.6,49.6,1.2,1.0,2.2
2004,Florida State,12,25.2,17.9,33.5,53.5,210.5,0.9,38.3,162.0,4.2,1.6,71.8,372.5,5.2,8.3,9.1,2.0,19.3,9.7,86.2,0.6,1.3,1.8
2004,Nebraska,11,25.0,14.2,29.3,48.4,186.9,1.5,37.5,176.3,4.7,1.6,66.7,363.2,5.4,8.7,7.7,1.2,17.6,6.8,51.0,0.9,2.1,3.0
2004,Washington State,11,25.0,17.2,35.4,48.6,240.6,1.8,37.3,128.0,3.4,1.2,72.6,368.6,5.1,10.0,5.5,2.5,18.0,7.0,65.7,1.6,1.1,2.7
2004,Florida Atlantic,12,24.9,18.2,30.8,59.1,267.7,1.4,39.0,125.8,3.2,1.3,69.8,393.4,5.6,10.7,6.8,1.2,18.6,9.3,84.3,0.8,1.1,1.9
2004,New Mexico State,11,24.8,19.0,30.9,61.5,243.6,1.6,36.9,129.3,3.5,1.3,67.8,372.9,5.5,10.9,6.9,1.9,19.7,8.6,78.9,1.1,0.6,1.7
2004,Boston College,12,24.7,21.3,35.5,60.1,245.3,1.7,37.4,140.1,3.7,1.0,72.9,385.4,5.3,10.8,7.7,1.7,20.2,7.3,58.3,0.8,1.1,1.8
2004,Akron,11,24.6,20.3,32.0,63.4,239.5,1.6,34.5,97.3,2.8,1.2,66.5,336.8,5.1,10.5,6.6,1.5,18.6,5.5,47.1,0.7,0.7,1.5
2004,Alabama,12,24.6,12.2,21.8,55.9,141.6,0.9,41.8,185.1,4.4,1.8,63.6,326.7,5.1,6.7,8.4,1.1,16.2,5.8,51.2,0.8,0.9,1.7
2004,Northwestern,12,24.6,20.8,38.6,53.8,237.3,1.0,37.1,172.2,4.6,1.9,75.7,409.5,5.4,11.0,9.6,1.3,21.9,6.6,57.4,0.2,0.8,0.9
2004,South Florida,11,24.6,13.2,27.6,47.7,165.5,0.7,40.6,187.8,4.6,2.1,68.3,353.3,5.2,7.8,9.6,0.9,18.4,9.5,80.9,0.9,1.0,1.9
2004,Middle Tennessee State,11,24.5,25.6,36.7,69.8,267.7,1.4,32.7,106.5,3.3,1.5,69.5,374.3,5.4,12.6,5.8,1.5,19.9,7.8,69.2,0.9,1.5,2.4
2004,Rutgers,11,24.5,27.5,43.0,64.1,310.5,1.7,33.4,83.5,2.5,0.8,76.4,394.0,5.2,14.0,5.1,1.8,20.9,7.0,54.5,1.4,1.8,3.2
2004,Brigham Young,11,24.3,21.3,38.5,55.3,279.5,1.6,34.8,103.2,3.0,1.1,73.3,382.7,5.2,11.3,6.3,2.0,19.5,7.5,63.8,1.5,1.3,2.7
2004,Iowa,12,24.3,19.9,32.1,62.1,240.1,1.7,35.7,72.6,2.0,0.8,67.8,312.7,4.6,9.9,5.3,1.4,16.6,7.6,56.3,0.4,1.2,1.6
2004,Marshall,12,24.3,20.7,35.4,58.4,208.6,1.6,33.6,112.7,3.4,0.9,69.0,321.3,4.7,9.9,7.2,1.0,18.1,6.4,56.4,0.8,1.3,2.1
2004,Ohio State,12,24.2,13.8,25.8,53.5,175.4,1.2,36.8,145.4,4.0,0.9,62.6,320.8,5.1,7.8,6.6,1.1,15.5,5.9,44.8,1.2,0.8,1.9
2004,Notre Dame,12,24.1,16.3,30.2,53.9,218.1,1.4,38.3,127.4,3.3,1.4,68.5,345.5,5.0,9.7,7.3,1.2,18.1,5.6,45.7,0.5,0.8,1.3
2004,North Carolina State,11,24.0,17.4,31.2,55.7,202.0,1.1,39.5,147.0,3.7,1.4,70.7,349.0,4.9,9.6,8.0,1.6,19.3,9.2,70.8,1.5,1.5,2.9
2004,Syracuse,12,23.9,15.1,26.6,56.7,170.3,0.7,39.8,178.8,4.5,1.9,66.3,349.0,5.3,8.1,8.3,1.8,18.2,7.3,63.7,1.0,1.2,2.2
2004,Indiana,11,23.8,14.7,26.6,55.3,186.3,1.2,42.8,134.2,3.1,1.2,69.5,320.5,4.6,7.5,8.3,1.5,17.3,6.7,50.0,0.5,0.8,1.4
2004,Kansas,11,23.8,21.3,38.2,55.7,220.5,1.7,34.4,94.0,2.7,1.1,72.5,314.5,4.3,9.4,6.3,1.3,16.9,8.0,63.5,0.8,1.3,2.1
2004,Troy,12,23.8,8.3,19.3,42.7,116.9,1.0,42.5,167.3,3.9,1.4,61.8,284.2,4.6,4.4,8.9,1.2,14.5,6.3,49.8,0.8,0.9,1.8
2004,Colorado State,11,23.7,19.0,31.8,59.7,261.3,1.4,35.6,111.6,3.1,1.2,67.5,372.9,5.5,11.6,6.4,2.0,20.0,4.4,35.0,0.9,1.5,2.5
2004,Army,11,23.6,16.5,31.9,51.9,205.7,1.1,34.8,175.9,5.1,1.9,66.7,381.6,5.7,9.2,7.6,1.4,18.2,5.1,44.1,0.5,0.8,1.4
2004,Central Michigan,11,23.6,19.0,34.1,55.7,225.6,1.5,40.7,169.9,4.2,1.5,74.8,395.5,5.3,9.8,8.5,1.8,20.2,7.7,65.7,0.5,0.9,1.5
2004,Colorado,13,23.4,19.1,32.3,59.0,215.0,1.0,34.3,124.8,3.6,1.2,66.6,339.8,5.1,10.2,6.0,1.1,17.3,8.0,60.7,0.6,1.4,2.0
2004,Missouri,11,23.3,17.9,34.3,52.3,207.5,1.6,41.5,165.0,4.0,1.2,75.8,372.5,4.9,8.6,9.5,1.2,19.4,4.3,35.4,0.6,1.0,1.6
2004,Florida A&M,11,23.0,27.8,45.5,61.2,306.4,1.9,32.8,123.9,3.8,1.5,78.3,430.3,5.5,14.8,7.5,1.8,24.1,7.4,69.6,1.3,1.3,2.5
2004,Western Michigan,11,22.5,23.5,39.2,60.1,264.8,2.1,33.0,99.5,3.0,0.6,72.2,364.4,5.0,11.5,6.3,1.8,19.5,8.0,65.4,1.1,1.5,2.6
2004,South Carolina,11,22.1,14.5,25.5,56.8,200.2,1.2,42.2,168.7,4.0,1.3,67.6,368.9,5.5,7.7,9.5,1.0,18.3,6.1,44.5,1.0,1.4,2.4
2004,Georgia Tech,12,22.0,14.1,28.8,48.8,184.2,1.4,40.5,162.3,4.0,0.9,69.3,346.4,5.0,8.3,9.3,1.6,19.3,6.3,53.3,1.0,1.5,2.5
2004,Louisiana,11,22.0,20.8,36.1,57.7,229.6,1.2,38.3,152.7,4.0,1.1,74.4,382.4,5.1,10.7,9.1,1.2,21.0,5.5,42.5,0.9,1.3,2.2
2004,Stanford,11,22.0,18.9,37.2,50.9,247.3,1.2,32.1,81.2,2.5,1.2,69.3,328.5,4.7,10.3,5.0,1.9,17.2,6.1,51.6,0.5,1.3,1.7
2004,Illinois,11,21.8,18.3,32.2,56.8,184.7,1.2,36.8,153.4,4.2,1.4,69.0,338.1,4.9,9.4,9.0,1.6,20.0,3.8,32.8,1.0,0.7,1.7
2004,Temple,11,21.6,17.8,31.6,56.3,220.7,1.0,41.5,173.0,4.2,1.7,73.2,393.7,5.4,9.0,10.0,0.9,19.9,5.8,47.7,1.0,0.5,1.5
2004,Clemson,11,21.5,16.2,32.3,50.1,188.1,0.6,34.5,107.5,3.1,1.4,66.8,295.6,4.4,8.3,6.3,2.1,16.6,5.3,45.2,0.6,1.5,2.2
2004,San Diego State,11,21.3,21.8,40.4,54.1,244.6,1.5,34.3,130.2,3.8,0.8,74.6,374.8,5.0,10.5,7.7,1.6,19.8,8.1,74.3,0.9,1.5,2.5
2004,East Carolina,11,21.0,18.8,34.7,54.2,215.5,1.6,33.5,92.8,2.8,0.6,68.3,308.4,4.5,9.9,5.5,1.6,17.1,5.1,39.7,0.7,1.7,2.5
2004,Houston,11,20.9,18.0,32.2,55.9,251.5,1.0,42.4,138.3,3.3,1.4,74.5,389.7,5.2,9.7,9.4,2.1,21.2,7.7,60.5,0.7,0.5,1.3
2004,Wake Forest,11,20.9,11.6,22.1,52.7,145.2,0.5,47.9,206.1,4.3,1.6,70.0,351.3,5.0,5.3,12.3,0.6,18.2,6.1,58.7,0.5,0.6,1.2
2004,UNLV,11,20.8,14.2,29.5,48.1,167.5,1.0,40.2,173.0,4.3,1.5,69.6,340.5,4.9,8.3,8.4,1.6,18.3,9.0,71.7,1.5,1.5,3.0
2004,Wisconsin,12,20.8,14.3,27.1,52.6,167.2,0.8,44.3,160.9,3.6,1.5,71.4,328.1,4.6,8.3,8.8,1.7,18.8,4.8,36.9,0.9,0.6,1.5
2004,Ball State,11,20.5,18.5,32.2,57.3,209.0,1.3,37.6,114.3,3.0,1.0,69.8,323.3,4.6,8.8,8.4,1.3,18.5,5.8,44.6,0.2,0.4,0.5
2004,Iowa State,12,20.5,14.5,29.3,49.6,187.3,1.1,44.7,141.8,3.2,0.9,73.9,329.1,4.5,9.1,8.3,2.0,19.4,6.0,49.4,0.6,0.7,1.3
2004,Baylor,11,20.4,21.4,35.9,59.5,212.9,1.5,33.3,98.9,3.0,0.7,69.2,311.8,4.5,9.5,6.9,1.1,17.5,6.3,48.3,1.2,1.0,2.2
2004,Idaho,12,20.4,20.8,32.9,63.3,208.4,1.2,38.1,131.6,3.5,1.4,71.0,340.0,4.8,9.8,7.4,1.9,19.1,7.2,67.5,1.3,1.2,2.4
2004,New Mexico,12,20.3,9.7,21.6,44.8,119.1,0.5,43.8,178.9,4.1,1.7,65.4,298.0,4.6,4.9,9.7,1.5,16.1,7.8,61.8,0.6,1.0,1.6
2004,Ohio,11,20.1,15.9,31.5,50.6,200.2,1.3,37.1,108.2,2.9,0.8,68.5,308.4,4.5,8.3,6.5,1.3,16.1,6.8,56.8,1.0,1.0,2.0
2004,Arkansas State,11,19.5,16.1,31.1,51.8,206.4,1.3,36.4,151.8,4.2,0.7,67.5,358.2,5.3,9.3,7.9,0.9,18.1,8.6,67.5,1.1,1.5,2.6
2004,Ole Miss,11,19.5,16.2,31.8,50.9,192.1,0.6,39.9,158.9,4.0,1.2,71.7,351.0,4.9,9.6,8.5,1.5,19.5,7.0,56.9,0.7,1.2,1.9
2004,Vanderbilt,11,19.3,15.4,25.9,59.3,186.3,0.9,39.9,148.5,3.7,1.5,65.8,334.8,5.1,8.6,9.0,1.4,19.0,4.8,40.4,1.1,0.5,1.5
2004,Louisiana-Monroe,11,19.2,18.8,33.9,55.5,213.2,1.1,36.7,139.8,3.8,1.1,70.6,353.0,5.0,8.9,8.9,1.5,19.4,8.3,79.8,0.8,1.2,2.0
2004,SMU,11,18.4,17.4,31.9,54.4,208.7,1.0,37.3,125.2,3.4,1.1,69.2,333.9,4.8,9.8,6.7,1.4,17.9,7.0,61.1,1.2,1.5,2.7
2004,Buffalo,11,17.9,10.7,23.6,45.4,121.5,0.5,40.0,148.1,3.7,1.5,63.6,269.5,4.2,5.0,6.9,2.0,13.9,6.2,49.5,0.5,1.4,1.8
2004,Maryland,11,17.7,14.6,27.7,52.8,178.5,0.7,40.9,119.5,2.9,1.1,68.6,298.0,4.3,7.6,7.9,1.1,16.6,6.2,49.8,0.8,1.5,2.3
2004,Penn State,11,17.7,16.5,32.1,51.6,180.8,0.9,33.4,129.9,3.9,1.3,65.5,310.7,4.7,8.7,7.2,1.1,17.0,5.6,46.1,0.7,1.7,2.5
2004,Utah State,11,16.7,19.1,33.4,57.2,214.1,1.0,32.6,76.3,2.3,0.6,66.0,290.4,4.4,9.3,5.2,2.2,16.6,7.1,63.8,0.9,1.7,2.6
2004,Duke,11,16.6,16.4,28.6,57.1,170.5,0.9,35.0,95.9,2.7,0.6,63.6,266.5,4.2,7.8,5.2,1.4,14.4,5.3,38.2,1.2,1.0,2.2
2004,UCF,11,15.9,16.0,27.5,58.3,183.0,0.9,38.8,97.0,2.5,0.8,66.3,280.0,4.2,8.3,6.8,1.2,16.3,5.5,48.0,1.0,1.2,2.2
2004,Kentucky,11,15.7,17.5,32.1,54.7,167.7,0.8,32.3,107.7,3.3,1.0,64.4,275.5,4.3,7.1,7.6,1.3,16.0,7.3,55.8,1.3,1.0,2.3
2004,Mississippi State,11,15.7,13.4,26.5,50.5,144.6,0.8,36.5,158.5,4.3,1.0,62.9,303.2,4.8,6.3,8.4,0.5,15.2,5.9,48.0,0.9,1.2,2.1
2004,Arizona,11,14.9,14.9,28.4,52.6,170.5,0.9,35.1,118.4,3.4,0.8,63.5,288.9,4.6,6.9,7.5,1.3,15.6,5.1,42.9,1.2,1.0,2.2
2004,Washington,11,14.0,14.6,36.5,40.1,190.8,0.7,37.6,120.2,3.2,0.9,74.1,311.0,4.2,8.4,6.7,2.0,17.1,6.9,56.8,1.6,2.2,3.8
2005,Texas,13,50.2,16.8,25.8,64.9,237.2,2.0,46.5,274.9,5.9,4.2,72.4,512.1,7.1,9.3,13.8,1.5,24.7,7.6,65.5,0.7,0.8,1.5
2005,USC,13,49.1,24.0,37.0,64.9,319.8,2.5,40.4,260.0,6.4,3.9,77.4,579.8,7.5,13.8,13.3,1.8,28.9,7.2,63.6,0.5,0.8,1.3
2005,Louisville,12,43.4,20.5,31.3,65.4,293.6,2.0,39.3,188.5,4.8,3.4,70.7,482.1,6.8,11.8,10.3,1.8,23.9,7.7,68.0,1.0,0.8,1.8
2005,Texas Tech,12,39.4,32.6,49.0,66.5,388.8,2.8,25.7,107.0,4.2,2.1,74.7,495.8,6.6,16.9,7.2,2.8,26.8,9.4,83.4,0.6,1.0,1.6
2005,UCLA,12,39.1,20.6,32.4,63.5,270.3,2.8,36.3,160.7,4.4,1.8,68.8,431.0,6.3,11.3,8.6,1.9,21.8,6.3,52.0,0.8,0.5,1.3
2005,Fresno State,13,37.8,20.8,33.1,63.0,260.3,2.4,36.6,164.6,4.5,1.9,69.7,424.9,6.1,12.2,8.5,1.5,22.2,8.1,72.6,0.6,1.2,1.8
2005,Arizona State,12,36.8,26.0,41.1,63.3,373.4,3.2,37.3,145.7,3.9,1.5,78.3,519.1,6.6,16.8,7.8,1.6,26.1,9.5,81.8,0.8,0.9,1.7
2005,Notre Dame,12,36.7,24.5,37.8,64.8,330.3,2.7,40.9,147.1,3.6,1.8,78.8,477.3,6.1,14.1,10.5,1.6,26.2,6.4,55.6,0.5,0.7,1.2
2005,Boise State,13,36.1,17.4,30.0,57.9,222.5,1.5,43.1,202.5,4.7,2.8,73.1,424.9,5.8,9.6,11.6,1.2,22.4,7.5,68.5,1.2,1.5,2.6
2005,Minnesota,12,35.8,15.4,26.9,57.3,221.7,1.7,50.8,273.1,5.4,2.8,77.8,494.8,6.4,8.8,13.9,1.3,24.1,5.3,50.6,0.5,0.8,1.3
2005,Toledo,12,35.8,20.1,31.5,63.8,230.3,2.5,40.8,216.8,5.3,1.7,72.3,447.1,6.2,10.0,12.3,1.4,23.8,7.5,67.4,0.6,1.1,1.7
2005,Oregon,12,34.5,25.3,40.2,62.9,304.5,2.3,35.6,134.3,3.8,1.3,75.8,438.8,5.8,13.7,6.7,2.2,22.5,8.0,72.3,0.8,0.8,1.6
2005,Penn State,12,34.4,14.6,27.6,52.9,208.8,1.5,41.9,212.8,5.1,2.4,69.5,421.5,6.1,8.8,11.3,1.7,21.8,4.8,35.2,1.0,0.8,1.8
2005,Wisconsin,13,34.3,15.4,25.9,59.3,228.4,1.7,44.0,168.2,3.8,2.4,69.9,396.5,5.7,10.3,10.2,0.8,21.3,5.5,47.2,0.4,0.7,1.1
2005,Navy,12,34.2,5.8,12.3,46.9,116.5,0.6,55.9,318.7,5.7,3.8,68.2,435.2,6.4,4.5,16.4,1.0,21.9,4.3,33.8,0.8,1.0,1.8
2005,Nevada,12,34.2,20.8,33.8,61.3,249.8,1.8,44.7,199.5,4.5,2.4,78.5,449.3,5.7,12.7,10.8,1.6,25.1,6.1,51.2,1.0,0.9,1.9
2005,Bowling Green State,11,33.8,22.6,37.4,60.6,283.9,2.6,38.0,143.8,3.8,1.7,75.4,427.7,5.7,13.3,8.9,1.6,23.8,5.5,47.8,0.6,1.0,1.6
2005,Michigan State,11,33.8,22.9,34.6,66.1,295.5,2.2,41.2,201.8,4.9,2.0,75.8,497.3,6.6,12.9,11.7,1.2,25.8,6.2,48.5,0.6,1.2,1.8
2005,Virginia Tech,13,33.8,13.9,23.2,60.1,190.2,1.4,46.1,190.7,4.1,2.3,69.2,380.9,5.5,8.7,11.4,1.6,21.7,6.2,53.6,0.6,0.8,1.4
2005,Miami (OH),11,33.7,23.1,40.5,57.1,291.6,2.5,37.5,134.0,3.6,1.4,77.9,425.6,5.5,13.5,8.3,1.9,23.6,6.3,57.1,0.7,1.3,2.0
2005,Washington State,11,33.5,19.6,34.6,56.7,277.3,2.3,40.0,212.0,5.3,1.8,74.6,489.3,6.6,12.0,9.5,1.7,23.3,6.7,63.5,1.0,1.2,2.2
2005,TCU,12,33.2,17.4,31.5,55.3,207.8,1.3,44.8,192.2,4.3,2.7,76.3,399.9,5.2,9.0,10.7,1.6,21.3,8.7,79.6,0.7,0.9,1.6
2005,Tulsa,13,33.1,19.6,31.2,62.8,236.2,1.6,37.8,166.0,4.4,2.2,69.0,402.2,5.8,9.8,8.7,1.8,20.4,5.8,47.7,0.8,0.6,1.4
2005,Brigham Young,12,33.0,27.7,43.0,64.3,310.1,2.3,34.8,152.3,4.4,2.0,77.8,462.4,5.9,14.3,9.1,2.2,25.6,8.3,72.5,0.6,1.1,1.7
2005,California,12,32.9,13.9,26.8,52.0,192.7,1.8,40.3,235.3,5.8,2.3,67.0,427.9,6.4,8.1,11.3,1.6,20.9,5.8,51.7,0.8,1.4,2.3
2005,Ohio State,12,32.7,16.3,25.2,64.9,225.7,1.5,42.2,196.7,4.7,1.9,67.3,422.3,6.3,10.3,10.6,0.4,21.3,5.4,48.2,1.3,0.4,1.8
2005,Northern Illinois,12,32.4,19.1,28.1,68.0,237.4,2.0,39.8,206.7,5.2,2.3,67.9,444.1,6.5,9.5,10.3,1.4,21.2,6.2,58.8,1.0,0.8,1.8
2005,Northwestern,12,32.3,26.7,42.7,62.5,306.8,1.8,38.5,193.6,5.0,2.1,81.2,500.3,6.2,14.0,10.8,2.5,27.3,6.2,48.5,1.0,0.8,1.8
2005,Auburn,12,32.2,16.3,28.3,57.5,215.8,1.6,40.1,194.1,4.8,2.3,68.3,409.8,6.0,10.2,10.3,0.9,21.4,5.6,44.8,0.8,0.7,1.5
2005,Western Michigan,11,32.2,22.1,35.0,63.1,246.5,2.7,38.8,145.9,3.8,0.9,73.8,392.5,5.3,11.6,7.7,1.7,21.1,7.6,62.8,0.7,1.0,1.7
2005,West Virginia,12,32.1,10.2,16.1,63.2,116.5,1.0,52.1,272.4,5.2,2.8,68.2,388.9,5.7,5.3,12.5,0.9,18.8,6.8,58.1,0.8,0.6,1.4
2005,Texas A&M,11,32.0,15.1,29.2,51.7,207.4,1.7,41.1,234.9,5.7,2.2,70.3,442.3,6.3,8.8,11.4,1.5,21.6,7.0,54.3,1.0,0.9,1.9
2005,UTEP,12,31.8,22.3,38.2,58.5,300.6,2.4,32.9,122.2,3.7,1.2,71.1,422.8,5.9,13.4,7.3,1.8,22.5,7.0,64.1,1.2,1.7,2.8
2005,Missouri,12,30.8,23.1,39.1,59.1,224.5,1.3,42.7,205.3,4.8,2.2,81.8,429.8,5.3,10.6,10.8,2.1,23.4,7.2,67.1,1.2,0.9,2.1
2005,Hawaii,12,30.7,31.6,48.2,65.6,384.3,3.1,23.3,91.9,4.0,0.9,71.4,476.2,6.7,17.5,5.6,2.6,25.7,8.4,72.7,0.8,1.3,2.0
2005,Air Force,11,30.0,11.0,18.6,59.0,170.7,1.3,53.5,246.5,4.6,2.5,72.1,417.3,5.8,7.1,13.5,1.9,22.5,4.9,45.9,1.3,0.9,2.2
2005,Iowa,12,30.0,20.4,33.7,60.6,257.8,1.9,36.3,174.7,4.8,1.6,70.0,432.4,6.2,12.3,8.9,1.4,22.7,4.3,37.3,0.8,0.7,1.4
2005,Purdue,11,30.0,21.9,38.9,56.3,241.7,0.9,37.8,186.7,4.9,2.8,76.7,428.5,5.6,12.3,8.9,1.1,22.3,6.6,52.6,0.7,1.2,1.9
2005,Utah,12,30.0,21.5,34.6,62.2,294.5,2.2,41.2,178.5,4.3,1.5,75.8,473.0,6.2,12.5,9.3,1.0,22.8,7.7,63.5,1.2,0.8,2.0
2005,New Mexico,11,29.6,17.0,28.3,60.1,197.4,1.5,47.9,200.0,4.2,2.1,76.2,397.4,5.2,9.2,11.2,2.1,22.5,7.4,56.2,0.7,1.2,1.9
2005,Southern Mississippi,12,29.6,18.7,34.1,54.8,246.0,1.9,34.1,111.3,3.3,1.3,68.2,357.3,5.2,10.6,6.2,2.3,19.0,6.2,51.3,0.6,1.1,1.7
2005,Georgia,13,29.5,15.5,27.9,55.4,229.0,2.0,35.0,162.2,4.6,1.2,62.9,391.2,6.2,10.2,8.2,1.5,19.8,5.9,53.6,0.8,0.5,1.4
2005,LSU,13,29.5,16.6,27.7,60.0,224.0,1.7,39.2,150.1,3.8,1.6,66.8,374.1,5.6,9.2,9.1,1.4,19.6,8.3,69.8,1.0,0.8,1.8
2005,Florida State,13,28.9,23.3,40.5,57.6,282.6,1.6,28.9,94.0,3.3,1.5,69.4,376.6,5.4,12.0,5.2,1.5,18.7,8.8,78.3,0.6,1.5,2.1
2005,Michigan,12,28.8,19.8,34.1,58.2,222.7,1.9,41.6,161.6,3.9,1.3,75.7,384.3,5.1,10.8,9.3,1.5,21.6,4.0,31.8,0.8,0.7,1.5
2005,Louisiana Tech,11,28.7,17.5,32.4,53.9,219.1,1.6,38.9,147.5,3.8,1.7,71.3,366.6,5.1,9.6,9.0,1.4,20.0,6.3,52.3,0.7,0.9,1.6
2005,Rutgers,12,28.7,17.2,29.8,57.7,234.8,1.7,37.8,162.3,4.3,1.3,67.6,397.1,5.9,10.8,8.0,1.1,19.8,7.2,60.9,0.3,1.6,1.9
2005,UCF,13,28.7,17.9,30.3,59.1,234.2,1.8,42.8,167.1,3.9,1.4,73.2,401.3,5.5,12.1,8.2,1.3,21.5,7.5,63.3,0.8,0.7,1.5
2005,Florida,12,28.6,20.1,32.1,62.6,226.7,1.7,37.9,146.8,3.9,1.6,70.0,373.4,5.3,10.3,8.8,1.3,20.4,8.5,65.3,0.5,0.6,1.1
2005,Iowa State,12,28.3,18.9,30.7,61.7,239.7,1.6,40.9,110.7,2.7,1.7,71.6,350.3,4.9,10.3,6.9,1.9,19.2,5.3,47.3,0.9,0.8,1.8
2005,Houston,12,28.1,21.3,35.2,60.4,272.3,1.6,39.8,166.4,4.2,1.9,74.9,438.8,5.9,10.3,10.8,0.9,22.1,7.8,69.2,1.1,1.3,2.3
2005,UAB,11,27.9,22.3,35.4,63.0,292.1,2.1,33.1,142.5,4.3,1.3,68.5,434.6,6.3,13.0,8.0,1.4,22.4,6.8,58.1,0.5,1.1,1.5
2005,Memphis,12,27.2,11.3,19.9,56.5,130.0,0.8,49.8,267.9,5.4,2.3,69.7,397.9,5.7,5.3,13.0,1.3,19.6,7.4,60.3,0.7,0.6,1.3
2005,Vanderbilt,11,27.2,24.9,42.5,58.7,280.5,1.9,32.8,115.1,3.5,1.5,75.3,395.6,5.3,13.5,7.5,2.5,23.5,4.2,30.9,0.6,0.8,1.5
2005,Miami (FL),12,27.1,16.3,28.3,57.4,215.5,1.7,37.3,137.6,3.7,1.5,65.7,353.1,5.4,9.5,6.9,1.7,18.1,7.3,70.1,0.9,1.0,1.9
2005,Oklahoma,12,26.9,14.9,28.0,53.3,177.6,0.8,43.8,177.5,4.0,2.3,71.8,355.1,4.9,8.6,9.4,1.3,19.3,8.5,71.7,1.1,0.9,2.0
2005,San Diego State,12,26.9,20.5,33.4,61.3,231.6,1.7,38.2,147.5,3.9,1.3,71.6,379.1,5.3,10.5,7.8,1.6,19.9,6.0,47.2,1.0,1.2,2.2
2005,Colorado State,12,26.8,20.7,33.5,61.7,286.3,2.1,35.0,121.7,3.5,1.2,68.5,408.0,6.0,12.4,6.8,0.8,20.1,6.1,50.0,0.6,1.3,1.8
2005,Virginia,12,26.7,18.7,30.3,61.7,223.7,1.3,37.5,142.6,3.8,1.7,67.8,366.3,5.4,9.5,8.2,1.9,19.6,5.5,47.3,0.4,1.1,1.5
2005,Oregon State,11,26.6,24.3,41.7,58.2,296.5,1.2,37.7,122.5,3.2,1.5,79.5,419.0,5.3,13.9,6.5,1.7,22.1,8.9,78.9,1.2,2.1,3.3
2005,Clemson,12,26.3,20.7,31.4,65.8,231.6,1.2,37.5,153.0,4.1,1.7,68.9,384.6,5.6,9.9,9.2,1.9,21.0,4.8,40.5,0.4,0.8,1.3
2005,Kansas State,11,26.3,14.9,28.9,51.6,201.4,1.4,39.3,138.4,3.5,1.5,68.2,339.7,5.0,7.6,7.6,2.2,17.5,8.7,75.2,1.5,1.1,2.5
2005,Louisiana,11,26.0,12.4,21.5,57.4,132.4,0.3,48.3,254.3,5.3,3.1,69.8,386.6,5.5,6.9,12.5,1.3,20.6,6.5,56.6,1.1,0.8,1.9
2005,Boston College,12,25.8,21.7,34.7,62.5,242.8,1.4,37.4,145.0,3.9,1.8,72.1,387.8,5.4,11.7,8.1,1.5,21.3,6.8,54.8,0.8,1.0,1.8
2005,Arkansas,11,25.7,13.6,25.5,53.6,143.7,1.2,43.7,216.9,5.0,1.7,69.2,360.6,5.2,7.1,10.5,1.3,18.9,7.3,58.5,0.9,1.1,2.0
2005,Connecticut,11,24.7,14.2,27.9,50.8,149.5,1.3,44.2,174.8,4.0,1.5,72.1,324.3,4.5,6.9,9.6,2.4,18.9,6.2,47.2,1.0,0.9,1.9
2005,Nebraska,12,24.7,19.9,37.0,53.8,224.3,1.7,35.0,96.0,2.7,0.8,72.0,320.3,4.4,10.3,5.9,2.2,18.4,7.4,57.8,0.9,1.1,2.0
2005,Wyoming,11,24.6,20.3,34.3,59.2,245.7,1.6,32.4,117.5,3.6,1.4,66.6,363.2,5.5,10.3,6.8,2.6,19.7,5.9,54.5,1.2,1.7,2.9
2005,Arkansas State,12,24.5,13.5,24.9,54.2,176.9,1.1,40.1,193.2,4.8,1.8,65.0,370.1,5.7,7.3,9.8,1.1,18.3,10.1,75.9,0.9,0.8,1.8
2005,Maryland,11,24.5,19.1,31.9,59.8,249.1,1.4,39.3,134.8,3.4,1.5,71.2,383.9,5.4,11.6,8.6,1.7,22.0,5.1,44.1,0.7,1.5,2.3
2005,Stanford,11,24.5,18.8,30.6,61.4,223.9,1.6,35.2,92.3,2.6,0.7,65.8,316.2,4.8,10.5,6.0,1.7,18.3,5.1,40.3,0.8,0.7,1.5
2005,Wake Forest,11,24.5,15.6,26.6,58.7,161.3,0.6,47.7,197.5,4.1,1.8,74.4,358.8,4.8,6.7,10.3,1.3,18.3,6.4,62.1,0.9,0.9,1.8
2005,East Carolina,11,24.3,20.4,33.6,60.5,256.0,1.3,35.8,137.5,3.8,1.5,69.5,393.5,5.7,10.0,8.3,1.4,19.6,5.5,46.3,1.1,0.7,1.8
2005,Pitt,11,24.3,17.6,31.5,55.9,219.0,1.5,36.5,116.8,3.2,0.8,68.1,335.8,4.9,9.5,6.6,1.8,17.9,6.3,53.9,1.4,0.8,2.2
2005,South Carolina,12,23.7,17.8,29.6,60.0,220.8,1.8,30.4,95.2,3.1,1.1,60.0,315.9,5.3,9.9,5.7,1.6,17.2,6.0,46.5,0.8,1.0,1.8
2005,Akron,13,23.6,21.8,41.6,52.5,277.0,1.8,32.5,107.3,3.3,0.9,74.1,384.3,5.2,11.8,6.1,1.5,19.5,7.4,62.8,0.8,0.9,1.7
2005,Central Michigan,11,23.6,23.5,38.7,60.8,260.1,1.5,39.5,158.8,4.0,1.4,78.2,418.9,5.4,11.5,8.2,1.0,20.6,8.4,77.9,0.4,0.5,0.9
2005,Colorado,13,23.5,20.4,34.8,58.5,222.8,1.2,32.9,110.3,3.4,1.2,67.8,333.1,4.9,9.9,6.4,2.4,18.7,9.5,83.4,1.0,0.6,1.6
2005,Florida International,11,23.4,21.1,34.9,60.4,235.9,1.3,32.5,122.5,3.8,1.1,67.5,358.5,5.3,11.0,7.4,2.0,20.4,7.7,67.3,1.6,1.1,2.7
2005,South Florida,12,23.0,11.9,25.3,47.2,144.6,0.7,48.3,203.0,4.2,1.9,73.5,347.6,4.7,6.8,10.8,0.9,18.6,8.8,69.3,0.8,1.3,2.1
2005,Arizona,11,22.9,19.2,33.5,57.3,229.3,1.7,34.7,122.0,3.5,1.0,68.2,351.3,5.2,9.9,7.1,2.5,19.5,6.6,52.8,1.1,1.5,2.5
2005,Indiana,11,22.5,20.3,36.6,55.3,219.6,2.2,38.6,131.2,3.4,0.8,75.3,350.8,4.7,9.6,8.5,1.5,19.6,6.7,55.0,0.8,1.5,2.3
2005,San Jose State,11,22.5,15.5,32.7,47.5,200.9,1.3,35.4,144.5,4.1,1.3,68.1,345.5,5.1,8.1,7.7,1.5,17.4,6.3,52.2,0.7,1.0,1.7
2005,Kansas,12,22.4,17.6,33.0,53.3,195.7,1.1,35.4,134.0,3.8,1.3,68.4,329.7,4.8,8.8,6.8,1.7,17.3,7.3,65.9,0.8,1.6,2.4
2005,Idaho,11,22.1,21.7,38.5,56.5,257.3,1.5,31.8,78.4,2.5,0.7,70.3,335.6,4.8,12.0,4.4,2.0,18.4,8.6,77.6,0.8,1.7,2.5
2005,Alabama,12,21.9,17.4,29.3,59.5,216.4,1.3,38.6,142.5,3.7,1.0,67.8,358.9,5.3,8.5,8.6,1.4,18.5,6.2,46.8,0.7,0.3,1.0
2005,Rice,11,21.9,8.1,19.1,42.4,103.3,0.8,54.5,234.2,4.3,2.0,73.6,337.5,4.6,4.0,14.5,2.0,20.5,4.9,44.2,1.5,1.1,2.5
2005,Eastern Michigan,11,21.8,23.8,38.4,62.1,222.7,1.5,32.6,123.2,3.8,0.9,71.0,345.9,4.9,10.8,7.1,1.5,19.4,5.7,51.8,0.4,0.5,0.9
2005,Kentucky,11,21.7,16.2,27.6,58.6,168.8,0.5,35.5,128.6,3.6,1.9,63.2,297.5,4.7,7.3,7.8,1.6,16.7,4.7,41.1,1.5,0.8,2.3
2005,Louisiana-Monroe,11,21.7,19.7,36.8,53.6,210.2,1.2,36.6,139.2,3.8,1.5,73.5,349.4,4.8,9.5,8.8,2.0,20.4,8.5,67.4,1.3,1.0,2.3
2005,Baylor,11,21.5,20.2,35.6,56.6,208.0,1.2,35.0,109.9,3.1,0.9,70.6,317.9,4.5,9.8,7.2,1.2,18.2,8.1,69.6,1.1,1.1,2.2
2005,Washington,11,21.5,15.5,29.5,52.5,222.8,1.1,34.5,135.2,3.9,1.4,64.0,358.0,5.6,9.5,6.3,1.7,17.5,6.2,50.5,1.1,0.7,1.8
2005,Tulane,11,21.3,19.8,38.5,51.5,231.9,1.8,31.0,89.0,2.9,0.8,69.5,320.9,4.6,10.3,6.5,1.2,17.9,5.4,48.4,0.9,1.5,2.4
2005,Ball State,11,21.2,18.8,30.7,61.2,189.0,1.6,37.5,110.0,2.9,0.7,68.2,299.0,4.4,8.6,7.1,1.4,17.1,6.6,59.0,0.6,0.7,1.4
2005,North Carolina State,12,20.8,15.3,27.9,54.6,190.2,1.2,36.7,124.4,3.4,1.1,64.6,314.6,4.9,7.6,6.3,1.5,15.4,7.6,61.9,0.8,1.2,2.0
2005,SMU,11,20.8,15.4,29.4,52.3,176.1,0.9,37.8,132.2,3.5,1.2,67.2,308.3,4.6,7.5,6.9,1.6,16.1,6.9,60.8,1.3,0.7,2.0
2005,Oklahoma State,11,20.2,14.5,29.3,49.4,170.9,1.0,39.3,153.9,3.9,1.5,68.5,324.8,4.7,7.8,8.7,1.4,17.9,7.5,57.5,1.6,1.5,3.2
2005,Army,11,20.0,15.8,28.4,55.8,175.6,1.0,42.9,140.3,3.3,1.5,71.3,315.9,4.4,8.3,8.9,1.5,18.7,6.2,45.6,0.5,1.4,1.8
2005,Middle Tennessee State,11,19.1,18.9,28.7,65.8,198.5,0.8,39.0,109.1,2.8,1.6,67.7,307.5,4.5,9.4,6.6,1.4,17.4,8.1,73.3,0.5,0.6,1.1
2005,Utah State,11,18.9,16.8,27.9,60.3,200.0,1.3,39.7,117.0,2.9,0.9,67.6,317.0,4.7,8.7,7.6,2.0,18.4,6.3,61.6,1.0,0.7,1.7
2005,UNLV,11,18.8,19.5,35.8,54.6,217.2,1.4,33.3,108.0,3.2,0.9,69.1,325.2,4.7,9.8,6.7,1.8,18.4,8.3,60.9,0.6,1.5,2.2
2005,Tennessee,11,18.6,16.9,32.4,52.2,198.0,1.0,36.3,128.3,3.5,0.9,68.6,326.3,4.8,8.9,7.6,1.3,17.8,7.9,60.9,1.3,1.2,2.5
2005,Georgia Tech,12,18.5,16.4,34.8,47.1,195.3,1.0,38.7,153.8,4.0,1.1,73.5,349.0,4.7,9.3,8.7,2.0,20.0,7.3,57.2,0.6,1.0,1.6
2005,Marshall,11,18.5,20.7,37.0,56.0,205.1,1.1,34.1,123.9,3.6,1.2,71.1,329.0,4.6,10.7,7.8,1.5,20.1,5.3,38.7,1.0,1.3,2.3
2005,North Carolina,11,18.0,16.6,32.4,51.4,214.3,0.8,36.6,101.5,2.8,0.9,69.0,315.7,4.6,9.1,7.0,1.9,18.0,8.0,66.9,0.8,1.1,1.9
2005,Cincinnati,11,17.5,17.9,31.6,56.6,199.9,1.4,38.7,124.5,3.2,0.9,70.4,324.5,4.6,9.4,8.6,2.0,20.0,6.2,52.4,1.1,1.2,2.3
2005,Ohio,11,17.5,10.9,24.0,45.5,118.5,0.5,38.8,174.1,4.5,1.5,62.8,292.5,4.7,4.6,8.4,1.7,14.7,7.5,62.5,0.5,1.1,1.6
2005,Illinois,11,17.0,20.2,33.7,59.8,196.5,1.1,39.8,158.2,4.0,0.8,73.5,354.6,4.8,9.0,9.6,1.4,20.0,6.3,50.6,0.5,1.3,1.7
2005,New Mexico State,12,16.5,25.8,45.6,56.7,266.0,1.4,28.9,78.4,2.7,0.7,74.5,344.4,4.6,11.3,5.8,1.9,19.1,5.3,41.2,1.3,1.8,3.2
2005,Kent State,11,16.4,23.8,42.5,56.1,237.5,1.4,25.8,45.9,1.8,0.5,68.3,283.4,4.2,10.5,3.5,2.0,16.0,6.8,56.7,0.8,2.0,2.8
2005,Duke,11,16.1,12.2,25.8,47.2,121.0,0.5,39.5,127.1,3.2,1.5,65.4,248.1,3.8,5.5,7.2,1.4,14.0,7.4,63.7,0.8,1.5,2.4
2005,Troy,11,15.9,13.6,27.1,50.3,166.9,1.1,39.1,118.2,3.0,0.5,66.2,285.1,4.3,7.2,8.1,1.6,16.9,6.5,56.0,1.0,1.3,2.3
2005,North Texas,11,14.3,12.3,25.3,48.6,129.3,0.8,36.8,142.6,3.9,0.7,62.1,271.9,4.4,5.6,6.7,1.4,13.7,8.2,74.3,0.7,1.2,1.9
2005,Mississippi State,11,13.9,13.3,27.5,48.3,138.5,0.9,35.0,137.6,3.9,0.8,62.5,276.2,4.4,6.2,7.6,0.8,14.6,6.4,55.7,0.9,0.9,1.8
2005,Syracuse,11,13.8,12.6,27.6,45.7,150.8,0.5,36.0,106.5,3.0,1.0,63.6,257.4,4.0,6.5,5.3,1.2,12.9,6.1,50.2,1.1,1.4,2.5
2005,Florida Atlantic,11,13.5,14.2,27.0,52.5,177.8,1.2,38.5,114.5,3.0,0.5,65.5,292.3,4.5,7.8,7.3,1.3,16.4,8.3,67.0,0.7,1.5,2.3
2005,Ole Miss,11,13.5,17.9,33.7,53.1,208.5,0.8,30.2,73.3,2.4,0.5,63.9,281.7,4.4,9.6,3.7,1.1,14.5,5.5,42.2,0.5,1.6,2.2
2005,Buffalo,11,10.0,17.4,30.1,57.7,170.5,0.6,37.4,107.9,2.9,0.6,67.5,278.5,4.1,6.9,6.9,1.7,15.5,6.9,62.6,1.1,1.4,2.5
2005,Temple,11,9.7,14.4,30.1,47.7,165.5,0.4,34.6,82.0,2.4,0.8,64.7,247.5,3.8,7.5,5.7,1.7,15.0,5.2,42.0,1.4,1.3,2.6
2006,Hawaii,14,46.9,31.7,43.9,72.2,441.3,4.4,21.3,117.9,5.5,1.6,65.2,559.2,8.6,20.1,6.0,1.4,27.4,7.4,66.4,1.1,0.9,2.0
2006,Boise State,13,39.7,15.7,23.5,66.7,206.5,1.9,42.4,214.2,5.1,3.0,65.9,420.6,6.4,8.5,11.6,0.9,21.1,5.8,49.8,0.8,0.7,1.5
2006,West Virginia,13,38.8,11.5,17.9,63.9,158.4,1.2,45.4,303.0,6.7,3.7,63.3,461.4,7.3,7.0,12.9,1.1,21.0,6.8,66.7,0.7,0.6,1.3
2006,Louisville,13,37.8,18.8,29.5,63.8,290.0,1.7,37.2,185.3,5.0,2.7,66.7,475.3,7.1,11.5,9.6,1.6,22.8,5.0,44.8,1.2,0.5,1.8
2006,Brigham Young,13,36.8,23.9,34.8,68.8,323.5,2.5,33.6,141.9,4.2,2.1,68.4,465.5,6.8,15.3,6.9,1.4,23.6,7.2,59.2,0.3,0.7,1.0
2006,Texas,13,35.9,18.8,28.5,65.8,228.8,2.4,37.2,162.6,4.4,1.8,65.7,391.5,6.0,9.7,9.7,2.5,21.8,5.5,50.8,1.1,0.7,1.8
2006,Oklahoma State,13,35.2,13.4,24.7,54.2,201.8,2.1,40.2,208.0,5.2,2.2,64.8,409.8,6.3,9.1,10.8,0.8,20.8,5.7,47.2,0.8,0.8,1.6
2006,Ohio State,13,34.6,17.0,26.2,65.0,214.7,2.4,36.9,169.8,4.6,1.9,63.1,384.5,6.1,10.4,9.0,0.7,20.1,4.8,43.4,0.9,0.5,1.4
2006,LSU,13,33.7,18.8,28.3,66.6,251.7,2.3,34.6,165.8,4.8,1.9,62.9,417.5,6.6,10.6,9.9,1.2,21.8,6.4,50.5,0.9,0.7,1.6
2006,Houston,14,33.0,21.4,31.8,67.4,277.8,2.1,35.0,168.3,4.8,2.1,66.8,446.1,6.7,11.6,9.9,0.7,22.2,6.8,58.1,0.8,0.4,1.1
2006,California,13,32.8,18.8,31.8,59.3,253.2,1.9,32.8,162.8,5.0,1.6,64.6,416.0,6.4,11.0,8.2,1.1,20.2,5.5,47.7,0.6,1.1,1.7
2006,Clemson,13,32.7,15.2,25.2,60.6,193.1,1.4,38.1,217.8,5.7,2.4,63.2,410.9,6.5,7.7,10.2,1.2,19.0,4.2,36.2,1.3,0.8,2.2
2006,Texas Tech,13,32.5,33.7,50.4,66.9,369.5,3.0,16.9,78.4,4.6,1.0,67.3,447.8,6.7,17.2,4.8,1.8,23.8,7.4,64.9,1.0,0.8,1.8
2006,Pitt,12,31.8,19.0,27.7,68.7,249.3,2.3,31.7,123.0,3.9,1.3,59.3,372.3,6.3,10.8,5.9,1.3,17.9,5.7,43.9,0.8,0.8,1.5
2006,New Mexico State,12,31.2,35.1,50.6,69.4,399.3,2.8,26.9,75.8,2.8,1.3,77.5,475.2,6.1,17.9,4.8,1.9,24.6,7.3,73.8,1.8,1.0,2.8
2006,Notre Dame,13,31.0,22.3,36.2,61.6,264.1,2.8,32.5,125.7,3.9,1.1,68.8,389.8,5.7,12.1,7.9,1.5,21.5,6.7,53.5,0.5,0.5,1.1
2006,Nebraska,14,30.6,17.4,29.4,59.4,244.1,2.3,39.6,170.5,4.3,1.9,68.9,414.6,6.0,10.3,8.9,1.1,20.4,5.3,43.9,1.2,0.6,1.8
2006,USC,13,30.5,21.0,34.4,61.1,263.8,2.3,32.0,128.0,4.0,1.4,66.4,391.8,5.9,12.2,7.4,1.2,20.8,6.2,50.2,0.5,0.8,1.4
2006,Oklahoma,14,30.3,14.6,24.3,60.3,191.6,1.6,39.8,177.1,4.5,1.8,64.1,368.7,5.8,9.4,7.9,1.1,18.4,4.9,37.2,1.6,0.8,2.4
2006,Missouri,13,30.1,22.4,35.8,62.6,276.2,2.2,35.2,149.5,4.3,1.2,70.9,425.6,6.0,12.9,8.0,1.5,22.4,4.5,36.9,1.2,0.8,2.0
2006,Nevada,13,30.1,16.6,26.3,63.2,187.4,1.8,39.3,170.2,4.3,2.0,65.6,357.5,5.4,9.2,9.9,1.5,20.6,4.2,33.6,1.0,0.9,1.9
2006,Rutgers,13,29.8,12.7,22.9,55.4,164.9,0.9,38.2,180.2,4.7,2.2,61.1,345.1,5.6,7.0,8.6,1.2,16.8,4.6,37.5,0.5,1.0,1.5
2006,Central Michigan,14,29.7,20.0,31.9,62.6,245.9,2.0,30.1,129.4,4.3,1.5,62.1,375.3,6.0,10.3,6.6,1.8,18.7,5.9,50.2,0.8,0.8,1.6
2006,Florida,14,29.7,18.2,28.5,63.9,236.1,2.1,34.0,160.0,4.7,1.7,62.5,396.1,6.3,10.9,8.4,1.1,20.4,8.3,63.4,0.7,1.0,1.7
2006,Oregon,13,29.5,22.2,37.4,59.3,241.0,1.4,36.3,181.8,5.0,2.0,73.7,422.8,5.7,11.6,10.4,1.5,23.5,7.5,60.0,1.1,1.4,2.5
2006,Michigan,13,29.2,15.8,25.5,62.2,195.2,1.7,41.2,175.5,4.3,1.6,66.6,370.8,5.6,9.1,9.2,1.0,19.3,4.8,43.8,0.3,0.6,0.9
2006,TCU,13,29.2,16.6,27.1,61.4,213.8,1.2,42.8,194.6,4.5,2.2,69.9,408.5,5.8,9.2,11.5,1.3,22.0,7.2,60.6,1.0,0.5,1.5
2006,Wisconsin,13,29.2,15.0,25.5,58.9,211.5,1.6,41.2,161.7,3.9,1.8,66.7,373.2,5.6,9.4,8.5,1.0,18.8,4.7,37.3,1.2,0.7,1.9
2006,Kansas,12,29.0,16.9,30.3,55.9,197.7,1.6,36.5,176.4,4.8,1.7,66.8,374.1,5.6,8.2,8.9,1.6,18.7,5.6,46.2,1.2,1.6,2.8
2006,Arkansas,14,28.9,11.0,21.6,51.0,149.5,1.6,38.5,228.5,5.9,1.9,60.1,378.0,6.3,6.4,10.1,1.4,17.9,5.9,53.9,0.5,1.3,1.8
2006,Minnesota,13,28.9,16.8,28.7,58.4,221.1,1.7,35.9,154.4,4.3,1.9,64.6,375.5,5.8,9.6,8.8,0.5,18.9,5.2,43.8,0.2,0.8,1.1
2006,Navy,13,28.2,3.9,8.6,45.5,56.0,0.5,58.8,327.0,5.6,3.0,67.4,383.0,5.7,2.3,17.6,1.0,20.9,4.0,33.7,1.5,0.3,1.8
2006,Utah,13,27.9,18.3,31.6,57.9,227.9,1.9,34.7,140.5,4.0,1.1,66.3,368.4,5.6,9.6,8.5,0.7,18.8,6.2,57.2,0.6,0.9,1.5
2006,Oregon State,14,27.8,18.5,30.4,60.9,242.4,1.4,33.9,118.2,3.5,1.4,64.2,360.6,5.6,10.7,7.2,1.3,19.2,6.3,59.8,1.1,0.6,1.8
2006,Tennessee,13,27.8,20.4,31.9,63.9,264.5,1.8,29.4,108.0,3.7,1.3,61.3,372.5,6.1,11.9,6.5,0.8,19.2,4.9,37.7,0.7,0.8,1.5
2006,Texas A&M,13,27.8,15.5,25.4,61.2,190.5,1.0,41.5,206.8,5.0,2.5,66.9,397.4,5.9,7.9,11.2,1.3,20.4,5.9,47.9,0.7,0.3,1.0
2006,Tulsa,13,27.7,18.7,28.1,66.6,226.5,1.2,37.2,162.1,4.4,2.3,65.3,388.5,5.9,10.5,8.5,0.8,19.8,5.1,44.0,0.8,0.7,1.5
2006,UTEP,12,27.3,24.2,37.3,64.9,312.8,2.4,24.0,57.6,2.4,0.7,61.3,370.4,6.0,12.7,3.2,1.8,17.7,6.1,54.3,0.7,1.4,2.1
2006,Ball State,12,27.2,19.3,31.1,62.2,259.3,2.3,30.5,91.9,3.0,0.8,61.6,351.3,5.7,10.3,4.8,2.0,17.1,5.0,45.7,0.5,0.9,1.4
2006,SMU,12,27.1,16.9,26.3,64.2,194.3,2.4,33.7,125.3,3.7,0.6,60.0,319.5,5.3,8.4,7.1,1.6,17.1,6.5,53.5,1.0,0.8,1.8
2006,Rice,13,26.9,19.1,33.5,57.0,214.1,2.2,33.7,131.0,3.9,1.2,67.2,345.1,5.1,9.6,7.6,2.3,19.5,5.8,42.8,0.5,1.1,1.6
2006,Arizona State,13,26.8,14.6,26.8,54.4,197.6,1.8,38.2,169.7,4.4,1.3,65.1,367.3,5.6,9.1,8.7,1.4,19.2,7.9,64.2,0.8,1.1,1.9
2006,Kentucky,13,26.7,21.0,33.5,62.6,276.7,2.4,31.6,98.6,3.1,0.9,65.2,375.3,5.8,10.9,7.2,1.4,19.5,6.2,52.8,0.8,0.5,1.3
2006,South Carolina,13,26.6,18.7,29.9,62.5,250.7,1.8,31.8,144.3,4.5,1.5,61.8,395.0,6.4,10.9,8.4,1.5,20.8,6.6,52.2,0.8,1.0,1.8
2006,Florida State,13,26.5,18.4,33.8,54.4,233.8,1.5,27.9,96.5,3.5,1.3,61.7,330.3,5.4,10.3,4.7,1.2,16.2,6.8,53.6,0.8,1.2,2.1
2006,Boston College,13,26.0,21.9,35.3,62.1,241.2,1.2,33.6,113.0,3.4,1.5,68.9,354.2,5.1,12.2,6.5,1.2,19.8,6.0,43.5,0.8,0.8,1.7
2006,Purdue,14,26.0,23.0,38.6,59.5,291.6,1.7,28.6,124.1,4.3,1.6,67.2,415.7,6.2,13.9,6.5,1.4,21.8,5.3,39.1,0.6,1.4,2.1
2006,Marshall,12,25.9,15.0,24.6,61.0,187.3,1.3,33.8,167.1,4.9,1.9,58.4,354.3,6.1,8.4,8.0,1.1,17.5,6.6,55.7,1.3,1.3,2.6
2006,Virginia Tech,13,25.8,13.9,24.8,56.2,181.8,1.0,35.0,113.4,3.2,1.7,59.8,295.2,4.9,7.6,5.9,1.5,15.1,5.9,51.1,0.8,0.9,1.8
2006,Northern Illinois,13,25.5,16.7,29.7,56.2,198.5,1.2,34.1,164.8,4.8,1.5,63.8,363.2,5.7,9.2,7.8,1.6,18.7,4.8,40.1,0.3,1.2,1.5
2006,Southern Mississippi,14,25.4,14.1,25.2,56.1,161.2,1.0,38.2,169.9,4.4,1.6,63.4,331.1,5.2,7.6,9.5,1.8,18.9,5.4,42.1,0.9,0.5,1.4
2006,Georgia,13,25.2,14.2,26.3,53.8,184.4,0.9,32.8,127.4,3.9,1.6,59.1,311.8,5.3,8.9,7.2,0.6,16.7,6.0,47.0,1.2,1.2,2.4
2006,Michigan State,12,25.2,20.7,34.8,59.5,227.6,1.5,32.3,129.2,4.0,1.3,67.0,356.8,5.3,9.8,8.0,0.7,18.4,6.8,56.0,0.7,1.1,1.8
2006,Georgia Tech,14,24.9,12.4,26.4,47.2,169.6,1.8,37.6,162.4,4.3,1.2,63.9,332.1,5.2,7.3,8.3,1.5,17.1,6.1,50.9,0.4,1.1,1.6
2006,San Jose State,13,24.9,14.4,22.6,63.6,181.6,1.8,37.6,175.6,4.7,1.5,60.2,357.2,5.9,7.8,7.8,1.7,17.3,4.8,37.8,1.0,0.6,1.6
2006,Auburn,13,24.8,13.2,21.7,60.6,172.7,1.1,36.2,148.2,4.1,1.6,57.8,320.9,5.5,7.7,8.5,0.6,16.8,5.5,45.8,0.8,0.8,1.5
2006,Washington State,12,24.6,21.7,35.8,60.5,259.8,1.9,32.7,128.3,3.9,1.0,68.5,388.1,5.7,11.7,6.8,1.8,20.3,5.4,47.3,1.0,1.0,2.0
2006,Iowa,13,23.8,19.1,32.5,58.6,239.8,1.6,33.2,143.5,4.3,1.2,65.8,383.3,5.8,11.1,7.8,1.2,20.1,5.0,44.7,0.9,1.5,2.4
2006,Baylor,12,23.6,25.6,42.5,60.2,275.0,2.0,19.6,40.2,2.1,0.8,62.1,315.2,5.1,11.9,3.5,2.0,17.4,6.4,56.5,1.4,1.4,2.8
2006,Memphis,12,23.4,19.5,32.8,59.4,224.6,1.8,31.0,111.7,3.6,1.0,63.8,336.3,5.3,9.8,6.8,2.0,18.5,4.3,37.3,0.5,1.2,1.7
2006,Toledo,12,23.4,17.9,32.2,55.7,170.7,1.1,39.2,156.3,4.0,1.8,71.3,326.9,4.6,8.2,8.8,1.3,18.3,6.9,66.8,0.8,0.9,1.8
2006,Air Force,12,23.3,7.0,12.2,57.5,101.3,1.0,55.0,229.4,4.2,1.8,67.2,330.7,4.9,4.6,13.9,1.5,20.0,3.9,34.0,0.8,0.3,1.2
2006,Indiana,12,23.1,19.3,35.8,54.0,222.1,1.3,32.7,113.8,3.5,1.1,68.5,335.9,4.9,10.3,6.9,2.2,19.4,4.9,42.1,1.2,1.0,2.2
2006,Fresno State,12,23.0,14.8,26.8,55.3,158.2,1.3,35.8,180.0,5.0,1.3,62.7,338.2,5.4,7.3,9.0,1.2,17.5,5.1,39.5,0.4,1.3,1.7
2006,South Florida,13,23.0,17.4,27.4,63.5,217.5,1.2,37.3,144.2,3.9,1.7,64.7,361.6,5.6,9.2,8.2,1.0,18.4,8.0,70.5,1.1,1.2,2.2
2006,UCLA,13,23.0,17.2,30.8,56.0,200.3,1.2,33.5,129.8,3.9,0.8,64.3,330.1,5.1,10.1,5.8,1.7,17.5,6.4,60.1,0.7,1.1,1.8
2006,Western Michigan,13,23.0,19.4,31.4,61.8,184.8,1.5,36.2,134.7,3.7,0.8,67.6,319.5,4.7,9.2,7.5,0.7,17.4,6.5,55.7,0.7,1.0,1.7
2006,Alabama,13,22.9,17.2,30.2,57.0,212.8,1.4,35.0,123.1,3.5,0.8,65.2,335.9,5.1,9.8,7.5,1.7,19.0,6.0,42.8,0.8,0.8,1.5
2006,Kansas State,13,22.8,16.5,31.9,51.6,200.1,0.8,28.6,115.2,4.0,1.2,60.5,315.2,5.2,8.4,6.1,1.2,15.6,6.8,57.5,0.8,1.5,2.3
2006,Middle Tennessee State,13,22.8,13.9,24.1,57.8,154.4,0.7,36.5,131.2,3.6,1.8,60.5,285.5,4.7,7.0,7.6,1.2,15.8,5.5,42.5,0.8,0.8,1.6
2006,Troy,13,22.8,19.4,31.4,61.8,191.4,1.7,33.5,128.5,3.8,1.2,64.9,319.9,4.9,8.2,7.5,0.8,16.5,6.1,57.7,1.0,1.4,2.4
2006,Penn State,13,22.3,17.4,32.6,53.3,199.9,0.9,35.2,150.0,4.3,1.2,67.8,349.9,5.2,9.3,8.2,1.2,18.7,4.5,33.6,1.2,0.7,1.8
2006,Vanderbilt,12,22.0,15.6,28.1,55.5,201.4,1.3,32.1,149.6,4.7,1.5,60.2,351.0,5.8,8.4,7.8,1.4,17.7,4.0,33.3,1.2,1.2,2.3
2006,Louisiana-Monroe,12,21.8,14.9,26.1,57.2,192.5,0.8,37.1,155.3,4.2,1.6,63.2,347.8,5.5,7.5,9.0,0.9,17.4,7.1,53.6,0.8,1.3,2.0
2006,Maryland,13,21.8,15.7,25.8,60.9,183.1,1.2,34.6,130.2,3.8,1.1,60.4,313.3,5.2,8.4,7.4,1.2,16.9,4.3,37.2,0.8,0.9,1.8
2006,New Mexico,13,21.8,15.7,30.0,52.3,205.8,1.4,33.3,111.1,3.3,0.8,63.3,316.9,5.0,9.5,6.5,0.9,16.8,5.0,41.8,1.1,0.7,1.8
2006,Washington,12,21.8,14.9,31.1,48.0,193.8,1.6,33.5,127.9,3.8,1.0,64.6,321.8,5.0,8.0,6.8,1.0,15.8,5.0,42.3,0.5,1.3,1.8
2006,Wake Forest,14,21.6,13.4,20.5,65.5,157.1,0.8,38.7,149.9,3.9,1.4,59.2,307.0,5.2,6.8,8.6,1.1,16.5,4.8,44.2,0.9,0.4,1.3
2006,East Carolina,13,21.5,19.1,33.1,57.7,232.6,1.0,34.6,115.5,3.3,1.2,67.7,348.2,5.1,10.7,8.0,1.6,20.3,4.5,39.3,0.9,0.8,1.8
2006,Wyoming,12,21.5,17.5,28.8,60.7,179.0,1.4,36.8,132.3,3.6,1.0,65.6,311.3,4.7,8.8,8.1,1.5,18.3,5.7,45.8,1.0,1.1,2.1
2006,Connecticut,12,21.4,13.4,26.1,51.4,141.0,1.2,40.5,182.9,4.5,1.5,66.6,323.9,4.9,7.1,8.5,1.1,16.7,5.4,42.6,0.8,1.0,1.8
2006,Cincinnati,13,21.1,15.9,26.5,60.0,206.8,1.3,39.5,133.6,3.4,0.8,66.0,340.5,5.2,9.3,7.1,0.8,17.2,6.8,58.1,0.9,1.3,2.2
2006,Louisiana,12,20.7,11.8,23.0,51.4,129.2,0.8,39.8,188.4,4.7,1.7,62.8,317.6,5.1,6.3,9.5,1.0,16.8,5.8,46.1,0.7,1.2,1.8
2006,UNLV,12,19.8,20.2,36.8,54.9,227.3,1.3,28.8,89.5,3.1,0.9,65.5,316.8,4.8,10.5,5.3,1.8,17.6,6.1,57.1,1.0,1.4,2.4
2006,Akron,12,19.7,16.8,32.0,52.6,226.7,1.5,30.4,83.8,2.8,1.1,62.4,310.4,5.0,9.0,6.1,2.1,17.2,9.3,74.0,0.8,0.9,1.7
2006,Ohio,14,19.7,12.9,23.6,54.4,129.0,0.6,37.5,147.6,3.9,1.6,61.1,276.6,4.5,5.7,7.4,1.7,14.9,6.6,57.4,1.0,1.1,2.1
2006,Illinois,12,19.6,11.7,27.7,42.2,156.5,0.9,36.2,188.8,5.2,1.3,63.8,345.3,5.4,7.0,8.8,0.8,16.5,4.9,38.3,1.8,1.2,2.9
2006,Miami (FL),13,19.6,16.4,27.7,59.2,197.5,1.2,33.2,116.0,3.5,1.1,60.8,313.5,5.2,8.0,6.8,1.1,15.9,6.8,61.9,0.7,1.2,1.8
2006,Bowling Green State,12,19.5,16.3,28.9,56.2,169.1,1.0,42.1,176.7,4.2,1.6,71.0,345.8,4.9,8.0,9.8,1.2,18.9,5.5,48.2,0.6,0.9,1.5
2006,Army,12,19.3,13.6,24.4,55.6,133.4,0.8,34.8,127.6,3.7,1.3,59.2,261.0,4.4,7.5,6.8,1.3,15.6,4.3,37.3,1.1,2.0,3.1
2006,UCF,12,19.3,18.9,31.8,59.6,233.8,1.2,36.8,139.4,3.8,0.9,68.6,373.2,5.4,11.2,7.4,0.7,19.3,4.6,40.3,0.8,0.8,1.6
2006,Iowa State,12,18.8,17.8,31.5,56.3,216.1,1.0,33.4,101.8,3.0,1.3,64.9,317.8,4.9,9.8,7.2,1.9,18.9,4.7,35.8,0.7,1.0,1.7
2006,UAB,12,18.8,14.8,25.3,58.2,184.5,1.0,36.0,125.6,3.5,1.2,61.3,310.1,5.1,7.8,8.3,1.5,17.6,7.8,58.5,0.8,1.0,1.8
2006,Tulane,12,18.7,20.4,36.7,55.7,246.5,1.5,29.4,92.2,3.1,0.8,66.1,338.7,5.1,11.1,6.7,1.3,19.0,6.0,47.8,1.1,1.0,2.1
2006,Louisiana Tech,13,18.6,16.5,31.8,51.8,214.4,1.3,31.9,130.2,4.1,1.0,63.7,344.5,5.4,9.7,7.1,1.5,18.2,5.2,47.1,1.4,1.5,2.8
2006,Miami (OH),12,18.5,20.1,35.0,57.4,231.6,1.3,32.2,86.7,2.7,0.9,67.2,318.3,4.7,10.9,5.2,2.2,18.3,5.8,54.7,0.9,0.9,1.8
2006,Mississippi State,12,18.4,14.3,30.0,47.5,191.7,0.8,32.8,95.2,2.9,1.2,62.8,286.8,4.6,8.4,5.8,1.6,15.8,5.5,51.9,0.8,1.3,2.1
2006,Buffalo,12,18.3,16.7,29.5,56.5,178.0,0.8,31.7,90.2,2.8,1.3,61.2,268.2,4.4,8.0,6.0,0.9,14.9,5.8,46.3,0.9,1.1,2.0
2006,North Carolina,12,18.0,14.1,27.8,50.8,179.7,0.9,31.8,113.3,3.6,1.0,59.6,293.0,4.9,8.5,6.3,1.0,15.8,6.1,52.8,0.8,1.5,2.3
2006,Kent State,12,17.8,11.9,22.3,53.6,163.2,0.8,40.5,158.4,3.9,1.4,62.8,321.6,5.1,6.9,7.9,1.2,16.0,6.8,58.0,1.1,1.0,2.1
2006,North Carolina State,12,17.5,16.3,31.6,51.7,182.3,0.8,31.2,119.7,3.8,0.9,62.8,302.0,4.8,9.6,5.3,1.2,16.1,7.2,58.0,0.6,1.3,1.9
2006,Syracuse,12,17.4,13.4,25.9,51.8,157.1,1.1,35.0,106.9,3.1,0.7,60.9,264.0,4.3,7.6,6.5,1.2,15.3,5.9,46.8,1.0,0.4,1.4
2006,Idaho,12,16.9,14.0,28.8,48.6,196.1,0.7,33.3,114.2,3.4,1.2,62.1,310.3,5.0,8.5,6.3,1.1,15.9,7.3,76.8,0.8,1.3,2.2
2006,Colorado State,12,16.8,18.4,30.3,60.9,218.1,1.1,31.0,76.5,2.5,0.8,61.3,294.6,4.8,9.2,5.8,1.3,16.3,4.8,38.9,0.5,1.1,1.6
2006,Arizona,12,16.6,15.9,29.7,53.7,168.7,0.8,31.6,84.2,2.7,0.9,61.3,252.8,4.1,8.0,5.2,1.3,14.4,5.8,48.2,0.4,1.2,1.6
2006,Northwestern,12,16.5,15.7,27.7,56.6,169.0,0.7,35.2,142.1,4.0,1.3,62.8,311.1,5.0,7.8,7.1,1.5,16.4,3.3,28.0,1.0,1.4,2.4
2006,Colorado,12,16.3,9.9,21.2,46.9,118.5,0.6,38.4,172.9,4.5,1.0,59.6,291.4,4.9,6.1,8.3,0.8,15.2,5.3,46.6,0.7,0.7,1.3
2006,Ole Miss,12,15.7,11.2,23.3,47.9,136.1,0.8,35.2,125.3,3.6,0.9,58.5,261.4,4.5,6.4,7.4,1.3,15.1,4.9,38.7,0.5,0.8,1.3
2006,Arkansas State,12,15.2,12.0,25.0,48.0,144.6,0.7,42.3,167.7,4.0,1.0,67.3,312.3,4.6,6.8,10.1,1.8,18.7,5.8,50.8,1.3,1.3,2.5
2006,Florida Atlantic,12,15.1,15.8,29.3,53.7,187.8,0.9,37.7,109.5,2.9,0.8,67.0,297.3,4.4,9.3,7.0,1.2,17.4,5.8,52.7,0.8,1.2,2.0
2006,Virginia,12,15.1,16.9,28.8,58.8,157.3,0.7,30.3,99.9,3.3,1.0,59.1,257.2,4.4,6.9,6.3,0.8,14.0,4.5,32.6,0.3,0.9,1.3
2006,Duke,12,14.9,15.8,29.8,52.8,185.2,1.0,34.3,98.3,2.9,0.8,64.2,283.4,4.4,8.1,5.9,2.2,16.2,6.0,47.0,1.2,1.4,2.6
2006,San Diego State,12,14.2,14.3,24.5,58.2,150.3,0.7,35.2,119.2,3.4,0.8,59.7,269.5,4.5,6.2,7.1,1.3,14.6,5.9,51.7,0.7,1.4,2.1
2006,Eastern Michigan,12,13.9,18.1,30.8,58.6,170.5,0.6,31.2,105.8,3.4,0.8,62.0,276.3,4.5,8.2,6.1,1.2,15.4,7.3,59.1,0.4,1.3,1.8
2006,North Texas,12,12.8,11.3,21.1,53.8,115.2,0.8,36.4,117.0,3.2,0.4,57.5,232.2,4.0,5.3,6.3,1.2,12.8,6.3,51.6,0.8,1.6,2.4
2006,Temple,12,10.9,15.3,25.7,59.7,162.0,1.1,28.8,53.7,1.9,0.3,54.4,215.7,4.0,7.0,3.7,0.8,11.5,6.3,46.6,0.9,1.3,2.2
2006,Utah State,12,10.8,12.9,24.8,52.0,139.7,0.8,35.8,114.8,3.2,0.5,60.7,254.4,4.2,6.3,6.4,1.5,14.2,5.4,47.1,0.9,1.2,2.1
2006,Stanford,12,10.6,13.9,26.3,52.8,166.8,0.8,30.6,65.1,2.1,0.3,56.9,231.9,4.1,7.4,4.8,1.3,13.6,5.0,35.7,1.3,0.9,2.2
2006,Florida International,12,9.6,18.3,34.0,53.9,176.3,0.4,24.9,56.8,2.3,0.4,58.9,233.1,4.0,7.8,3.1,1.6,12.5,7.3,64.1,0.9,1.3,2.2
2007,Hawaii,13,43.4,35.3,51.0,69.2,439.5,3.9,21.5,72.6,3.4,1.2,72.5,512.1,7.1,20.5,4.2,2.0,26.7,7.0,66.2,0.9,1.8,2.7
2007,Kansas,13,42.8,23.2,36.6,63.4,291.0,2.8,39.4,188.8,4.8,2.3,76.0,479.8,6.3,13.1,10.3,1.7,25.1,4.1,39.1,0.5,0.5,1.1
2007,Florida,13,42.5,18.5,27.8,66.5,257.0,2.5,37.5,200.2,5.3,3.0,65.2,457.2,7.0,10.8,11.8,0.8,23.5,8.2,61.9,0.7,0.5,1.2
2007,Boise State,13,42.4,23.6,35.4,66.7,282.5,2.6,39.8,184.9,4.6,2.7,75.2,467.4,6.2,12.9,9.4,1.2,23.5,7.1,63.7,0.7,0.9,1.6
2007,Oklahoma,14,42.3,19.3,28.6,67.3,258.2,2.8,41.0,190.7,4.7,2.4,69.6,448.9,6.4,11.4,9.4,1.7,22.4,6.9,57.5,0.8,0.6,1.4
2007,Tulsa,14,41.1,24.0,40.3,59.6,371.0,3.5,40.1,172.9,4.3,2.0,80.4,543.9,6.8,15.7,9.7,1.5,26.9,6.1,56.2,0.8,1.4,2.1
2007,Texas Tech,13,40.9,41.8,58.7,71.3,470.3,3.9,18.9,59.3,3.1,1.4,77.6,529.6,6.8,21.5,4.5,1.6,27.5,7.9,71.8,0.8,1.2,2.0
2007,Missouri,14,39.9,28.1,41.6,67.7,314.1,2.4,37.9,176.2,4.7,2.1,79.4,490.3,6.2,15.4,10.0,1.6,27.0,5.4,46.3,0.5,0.9,1.4
2007,West Virginia,13,39.6,13.5,20.4,66.4,159.0,1.2,48.3,297.2,6.2,3.8,68.7,456.2,6.6,6.7,13.4,1.4,21.5,5.5,52.8,1.2,0.5,1.6
2007,Navy,13,39.3,5.7,10.5,54.4,95.3,0.7,61.8,348.8,5.6,4.1,72.3,444.1,6.1,3.7,18.7,1.3,23.7,4.0,29.8,1.0,0.4,1.4
2007,LSU,14,38.6,18.3,31.6,57.9,225.3,2.1,43.7,214.1,4.9,2.5,75.3,439.4,5.8,10.4,10.9,1.2,22.6,8.4,62.9,0.2,0.9,1.1
2007,Oregon,13,38.2,18.8,31.8,59.1,215.8,2.0,47.3,251.7,5.3,2.5,79.1,467.5,5.9,10.2,13.4,1.1,24.7,6.1,55.0,1.1,0.8,1.8
2007,Arkansas,13,37.3,13.8,24.1,57.2,163.5,1.8,48.1,286.5,6.0,2.5,72.2,450.0,6.2,7.5,12.7,0.8,21.0,6.3,54.4,1.2,0.8,2.0
2007,Texas,13,37.2,21.3,33.5,63.5,255.4,1.7,41.5,207.5,5.0,2.7,75.0,462.9,6.2,11.7,10.9,1.3,23.9,6.2,55.4,0.6,1.4,2.0
2007,Kentucky,13,36.5,25.5,40.6,62.7,287.9,3.1,37.3,155.5,4.2,1.5,77.9,443.4,5.7,14.0,10.0,1.8,25.8,6.4,55.2,1.2,0.9,2.2
2007,Cincinnati,13,36.3,22.0,35.7,61.6,286.2,2.8,36.7,147.8,4.0,1.5,72.4,433.9,6.0,12.1,7.8,1.8,21.8,9.4,79.1,1.1,0.9,2.0
2007,UCF,14,35.9,14.1,24.7,57.2,176.9,1.1,47.9,234.8,4.9,2.9,72.6,411.6,5.7,8.4,10.8,1.7,20.9,5.3,47.5,1.1,0.9,1.9
2007,Kansas State,12,35.2,26.8,42.5,63.1,285.4,1.8,29.3,132.8,4.5,1.9,71.8,418.2,5.8,13.9,7.2,1.2,22.3,8.2,75.3,0.8,1.0,1.8
2007,Louisville,12,35.2,26.3,40.9,64.4,341.9,2.5,34.8,146.1,4.2,1.8,75.8,488.0,6.4,15.1,8.5,2.2,25.8,7.8,68.2,0.8,1.2,2.0
2007,Central Michigan,14,34.8,25.8,39.8,64.8,267.0,2.0,37.1,180.0,4.9,2.6,76.9,447.0,5.8,12.4,9.6,1.4,23.5,5.9,59.6,0.7,1.0,1.7
2007,South Florida,13,34.7,19.2,32.8,58.7,229.1,1.5,43.5,185.0,4.3,2.3,76.2,414.1,5.4,10.8,9.1,1.4,21.3,8.6,72.1,1.3,1.2,2.5
2007,Oklahoma State,13,34.6,17.6,29.7,59.3,243.2,2.0,45.5,243.2,5.3,2.3,75.2,486.3,6.5,10.2,12.9,0.8,23.8,7.2,66.6,0.9,0.8,1.7
2007,Houston,13,34.5,22.4,33.6,66.6,278.0,1.8,46.1,223.9,4.9,2.5,79.7,501.9,6.3,11.1,12.9,1.6,25.6,7.8,67.7,1.2,1.2,2.3
2007,Purdue,13,34.3,28.4,45.7,62.1,307.2,2.3,31.8,128.8,4.1,1.7,77.5,435.9,5.6,14.6,7.6,2.1,24.3,5.9,48.3,1.0,1.0,2.0
2007,Troy,12,34.0,26.2,43.1,60.7,270.3,1.9,38.5,182.6,4.7,1.8,81.6,452.8,5.6,12.0,9.7,1.9,23.6,7.2,58.1,1.2,1.4,2.6
2007,UTEP,12,33.6,20.2,36.7,55.0,275.2,2.3,34.7,147.7,4.3,1.7,71.3,422.8,5.9,12.0,7.8,1.6,21.3,7.2,66.4,0.9,0.8,1.7
2007,Nevada,13,33.5,15.5,29.5,52.3,253.4,2.2,43.8,214.1,4.9,1.9,73.3,467.5,6.4,10.1,12.3,1.1,23.5,7.2,57.2,1.0,0.6,1.6
2007,Nebraska,12,33.4,24.7,40.1,61.5,323.8,2.6,34.8,144.4,4.2,1.6,74.8,468.3,6.3,15.3,7.4,1.6,24.3,6.4,49.1,0.9,1.4,2.3
2007,Clemson,13,33.1,22.7,35.0,64.8,242.1,2.3,39.1,161.2,4.1,1.4,74.1,403.2,5.4,11.8,9.5,1.2,22.5,5.2,43.1,0.5,0.5,0.9
2007,Michigan State,13,33.1,17.8,30.2,59.0,218.6,1.6,44.6,198.2,4.4,2.2,74.8,416.8,5.6,10.1,9.6,0.8,20.5,5.0,48.4,0.5,0.8,1.4
2007,Toledo,12,32.9,20.2,34.3,58.9,239.3,1.6,42.1,209.2,5.0,2.6,76.3,448.4,5.9,11.0,9.8,1.5,22.3,7.2,64.0,0.8,1.3,2.1
2007,Fresno State,13,32.8,16.5,26.4,62.7,208.6,1.2,43.4,210.9,4.9,2.6,69.8,419.5,6.0,8.7,11.2,1.9,21.8,6.4,54.9,1.3,0.4,1.7
2007,Rutgers,13,32.8,16.3,29.1,56.1,251.3,1.6,41.4,198.0,4.8,2.2,70.5,449.3,6.4,11.2,9.7,1.7,22.6,7.2,59.6,0.9,1.0,1.9
2007,Georgia,13,32.6,15.3,28.1,54.5,198.4,1.5,39.2,177.2,4.5,2.5,67.2,375.6,5.6,9.6,8.3,1.4,19.3,7.0,58.5,0.5,0.8,1.3
2007,USC,13,32.6,22.0,35.4,62.2,237.7,2.4,39.8,197.2,5.0,1.8,75.2,434.9,5.8,11.0,10.4,0.9,22.3,8.2,74.4,0.8,1.2,2.0
2007,Tennessee,14,32.5,23.8,38.1,62.4,262.5,2.4,32.8,139.0,4.2,1.4,70.9,401.5,5.7,11.4,8.1,1.5,20.9,5.3,45.8,0.4,0.9,1.3
2007,Arizona State,13,32.3,20.4,32.9,61.9,262.6,2.1,42.2,137.0,3.2,1.4,75.2,399.6,5.3,11.9,8.8,1.5,22.2,6.2,56.8,0.9,0.8,1.8
2007,Indiana,13,31.7,20.5,34.3,59.9,236.4,2.2,36.5,157.4,4.3,1.4,70.8,393.8,5.6,10.5,7.8,2.1,20.4,5.8,54.5,1.4,0.8,2.2
2007,Ball State,13,31.5,21.0,37.2,56.4,284.9,2.3,35.9,148.9,4.1,1.4,73.2,433.8,5.9,12.9,7.6,1.6,22.2,5.8,55.6,0.4,0.5,0.8
2007,Ohio State,13,31.4,16.2,25.3,63.8,196.8,2.0,42.6,196.9,4.6,1.6,67.9,393.7,5.8,8.8,10.5,1.3,20.6,5.5,44.2,0.6,1.1,1.7
2007,Rice,12,31.4,25.9,43.8,59.1,293.1,2.4,31.9,110.9,3.5,1.7,75.8,404.0,5.3,13.6,7.3,2.4,23.3,5.6,43.7,0.9,1.4,2.3
2007,Florida Atlantic,13,31.2,22.4,38.6,58.0,291.1,2.5,35.8,126.0,3.5,1.3,74.4,417.1,5.6,13.2,6.9,1.0,21.1,6.5,51.8,0.3,0.8,1.2
2007,East Carolina,13,31.0,17.2,30.4,56.7,202.5,1.6,37.2,182.9,4.9,2.2,67.6,385.5,5.7,8.3,9.0,1.6,18.9,8.0,63.6,0.4,0.7,1.1
2007,Ohio,12,30.5,16.1,28.8,55.9,213.7,1.4,39.3,150.8,3.8,1.8,68.1,364.5,5.4,8.7,8.4,1.3,18.3,8.1,70.5,0.8,1.1,1.9
2007,Penn State,13,30.3,18.5,31.9,57.8,206.3,1.5,40.6,193.8,4.8,2.1,72.5,400.1,5.5,10.2,11.1,0.9,22.2,4.5,34.3,1.2,0.8,2.0
2007,Bowling Green State,13,30.2,25.5,40.2,63.6,278.8,2.2,32.2,123.6,3.8,1.2,72.3,402.5,5.6,13.1,8.7,1.2,23.0,6.5,56.2,0.9,1.1,2.0
2007,Brigham Young,13,30.1,23.1,38.7,59.6,298.4,2.0,37.9,144.4,3.8,1.8,76.6,442.8,5.8,14.0,8.7,1.5,24.2,7.0,60.2,1.0,1.0,2.0
2007,Air Force,13,29.9,10.0,16.5,60.7,119.8,0.7,55.5,299.5,5.4,2.8,71.9,419.4,5.8,5.4,14.8,1.2,21.3,4.8,44.2,1.0,0.4,1.4
2007,Wisconsin,13,29.5,15.3,26.7,57.3,208.0,1.3,45.2,200.8,4.4,2.2,71.8,408.8,5.7,9.8,9.8,1.2,20.8,5.6,43.9,0.8,0.8,1.6
2007,California,13,29.3,20.5,34.2,60.1,239.2,1.6,33.8,165.5,4.9,1.8,68.0,404.6,6.0,10.8,8.9,1.2,20.9,7.2,62.2,1.0,1.1,2.1
2007,Memphis,13,29.2,24.8,42.4,58.6,305.8,2.5,35.8,137.8,3.8,1.0,78.2,443.6,5.7,12.7,8.8,2.2,23.8,6.6,54.8,0.3,0.9,1.2
2007,Washington,13,29.2,13.6,29.6,46.0,191.2,1.4,41.3,203.1,4.9,2.1,70.9,394.2,5.6,7.4,10.7,1.4,19.5,6.2,47.2,0.8,1.2,1.9
2007,Virginia Tech,14,28.7,15.6,27.1,57.8,196.9,1.2,40.0,133.6,3.3,1.6,67.1,330.5,4.9,9.0,7.0,1.0,17.0,6.6,55.6,0.7,0.7,1.4
2007,Boston College,14,28.3,27.9,47.1,59.2,323.9,2.2,30.1,101.1,3.4,1.2,77.2,425.1,5.5,15.1,6.7,1.6,23.4,6.9,61.4,0.6,1.4,1.9
2007,SMU,12,28.3,20.8,36.0,57.9,252.1,2.2,39.2,170.2,4.3,1.3,75.2,422.3,5.6,11.4,9.4,2.6,23.4,7.7,69.4,1.0,1.6,2.6
2007,Arizona,12,28.0,27.7,44.3,62.5,308.5,2.3,26.7,76.8,2.9,0.6,70.9,385.3,5.4,12.2,5.5,2.3,19.9,6.2,53.0,1.1,1.0,2.1
2007,Texas A&M,13,27.9,16.5,28.9,56.9,185.4,1.1,44.3,211.6,4.8,2.4,73.2,397.0,5.4,8.2,12.4,0.6,21.2,6.2,47.2,0.7,0.6,1.3
2007,Illinois,13,27.8,14.0,24.8,56.3,168.2,1.2,45.8,256.8,5.6,2.2,70.6,425.0,6.0,7.1,13.1,1.2,21.3,4.9,48.9,0.9,1.2,2.1
2007,Oregon State,13,27.8,18.9,33.7,56.2,196.7,0.8,41.6,174.9,4.2,2.1,75.3,371.6,4.9,9.2,9.2,1.1,19.5,6.6,58.2,1.0,1.6,2.6
2007,Southern Mississippi,13,27.8,16.7,29.2,57.1,188.1,1.1,43.5,201.6,4.6,2.3,72.8,389.7,5.4,7.7,11.7,1.6,21.0,5.5,53.8,1.0,1.2,2.2
2007,Wake Forest,13,27.8,21.5,30.2,71.2,197.2,1.0,42.3,143.2,3.4,1.6,72.5,340.4,4.7,9.2,8.4,1.2,18.8,5.2,47.8,0.8,1.2,2.0
2007,Colorado,13,27.3,20.5,36.6,56.1,234.3,1.7,37.3,144.2,3.9,1.5,73.9,378.5,5.1,10.8,7.2,1.5,19.5,6.8,55.8,0.8,1.3,2.1
2007,Michigan,13,27.2,17.3,32.5,53.2,220.2,1.9,41.5,164.9,4.0,1.5,74.1,385.1,5.2,10.4,9.0,2.1,21.5,5.1,44.6,1.0,1.1,2.1
2007,Alabama,13,27.1,20.2,36.3,55.7,224.5,1.5,37.7,149.2,4.0,1.5,74.0,373.8,5.1,11.1,9.2,2.5,22.8,4.5,34.8,0.6,0.9,1.5
2007,Western Michigan,12,26.9,24.0,38.2,62.9,267.6,1.9,38.6,130.4,3.4,1.3,76.8,398.0,5.2,12.3,7.9,0.8,21.1,7.9,65.4,1.0,1.4,2.4
2007,Connecticut,13,26.5,15.5,27.8,56.0,185.8,1.1,41.1,161.4,3.9,1.3,68.8,347.2,5.0,8.6,8.5,1.7,18.8,6.1,45.7,0.7,0.5,1.2
2007,Minnesota,12,26.3,21.8,37.8,57.7,245.8,2.1,36.1,161.8,4.5,1.3,73.9,407.5,5.5,10.4,10.2,1.0,21.6,5.6,41.8,0.8,1.6,2.4
2007,Georgia Tech,13,26.2,13.8,27.9,49.3,185.6,0.8,42.2,199.3,4.7,2.2,70.1,384.9,5.5,8.8,10.2,1.1,20.1,6.9,59.3,0.9,0.9,1.8
2007,Utah,13,26.2,19.1,30.8,61.8,202.2,1.4,41.6,167.5,4.0,1.5,72.5,369.6,5.1,9.5,9.2,1.0,19.7,6.3,58.6,0.7,1.0,1.7
2007,South Carolina,12,26.1,21.5,36.9,58.2,258.2,1.7,31.8,113.7,3.6,1.3,68.8,371.8,5.4,11.9,7.8,1.5,21.3,5.8,44.3,0.9,1.4,2.3
2007,TCU,13,26.1,19.9,34.1,58.5,221.6,1.0,44.2,165.0,3.7,1.6,78.2,386.6,4.9,11.3,9.2,1.6,22.2,6.6,57.9,1.2,0.9,2.2
2007,Northwestern,12,25.8,26.8,44.1,60.9,307.9,1.7,33.2,119.8,3.6,1.4,77.3,427.7,5.5,14.4,6.4,2.4,23.3,4.9,46.9,0.5,1.6,2.1
2007,Middle Tennessee State,12,25.7,15.6,27.0,57.7,202.1,1.8,38.3,134.8,3.5,1.4,65.3,336.8,5.2,8.5,7.3,1.5,17.3,6.5,55.9,0.8,0.8,1.6
2007,Washington State,12,25.7,25.7,43.7,58.8,319.6,2.2,31.2,115.7,3.7,0.9,74.8,435.3,5.8,14.4,6.5,1.9,22.8,6.1,51.4,0.6,1.5,2.1
2007,Colorado State,12,25.3,16.4,26.4,62.1,212.2,1.5,43.4,166.7,3.8,1.3,69.8,378.8,5.4,8.8,9.8,1.2,19.8,5.3,43.4,0.6,1.3,1.8
2007,San Diego State,12,25.1,22.5,38.2,59.0,272.7,1.3,29.9,103.9,3.5,1.6,68.1,376.6,5.5,11.3,5.8,1.0,18.2,6.0,50.3,0.6,0.8,1.3
2007,Marshall,12,24.8,22.2,36.0,61.6,271.1,1.4,34.0,141.8,4.2,1.6,70.0,412.8,5.9,12.5,7.7,1.2,21.3,6.9,57.9,0.3,1.1,1.4
2007,North Texas,12,24.8,27.5,46.1,59.7,289.7,1.8,31.8,118.8,3.7,1.3,77.8,408.4,5.2,12.3,7.7,1.5,21.5,8.3,66.1,0.6,2.3,2.9
2007,New Mexico,13,24.7,19.5,33.6,57.9,236.2,1.2,38.7,135.9,3.5,1.2,72.3,372.1,5.1,9.6,7.8,1.5,18.9,6.6,52.9,1.2,0.8,1.9
2007,Tulane,12,24.4,15.3,30.0,51.1,194.9,0.8,40.8,201.0,4.9,2.2,70.8,395.9,5.6,7.4,10.0,1.0,18.4,6.0,54.5,0.8,1.0,1.8
2007,Virginia,13,24.4,19.2,32.9,58.4,194.8,1.1,37.7,135.6,3.6,1.7,70.6,330.4,4.7,9.6,8.4,1.2,19.2,4.8,40.9,0.8,0.8,1.5
2007,Arkansas State,12,24.3,17.1,32.3,52.8,203.8,1.3,38.3,176.0,4.6,1.3,70.7,379.8,5.4,8.9,9.8,1.6,20.3,7.0,61.2,0.7,1.3,2.0
2007,Buffalo,12,24.3,21.8,31.8,68.6,217.9,1.3,35.6,130.0,3.7,1.5,67.4,347.9,5.2,10.3,7.1,0.9,18.3,6.4,56.4,0.8,0.5,1.3
2007,Auburn,13,24.2,15.7,27.4,57.3,178.2,0.9,41.8,156.9,3.8,1.8,69.2,335.2,4.8,8.2,8.9,1.8,18.9,6.2,47.6,0.7,1.2,1.8
2007,Eastern Michigan,12,24.2,17.9,30.1,59.6,181.0,1.4,38.2,156.5,4.1,1.7,68.3,337.5,4.9,8.8,7.8,1.5,18.2,6.3,50.3,0.3,1.3,1.7
2007,Maryland,13,24.1,17.2,26.6,64.5,203.4,0.7,40.9,137.5,3.4,2.2,67.5,340.8,5.0,9.2,8.1,0.8,18.1,5.6,45.3,0.5,0.8,1.3
2007,New Mexico State,13,24.0,33.0,47.9,68.9,331.9,2.2,28.5,91.5,3.2,0.8,76.4,423.5,5.5,15.1,5.7,1.7,22.5,5.9,46.2,0.5,1.7,2.2
2007,Louisiana,12,23.8,14.2,25.9,54.7,155.5,1.0,45.2,251.6,5.6,1.9,71.1,407.1,5.7,6.0,12.4,1.1,19.5,7.0,52.5,0.8,1.1,1.8
2007,Louisiana-Monroe,12,23.5,16.2,28.0,57.7,176.7,1.3,46.3,209.0,4.5,1.5,74.3,385.7,5.2,8.4,11.5,1.0,20.9,8.3,67.9,0.8,0.9,1.7
2007,Florida State,13,23.3,19.7,35.8,54.9,241.8,1.2,34.3,127.5,3.7,0.9,70.2,369.2,5.3,10.2,6.5,1.3,18.0,8.3,66.9,0.9,0.8,1.7
2007,Pitt,12,22.8,17.3,28.5,60.5,178.1,0.9,39.1,141.4,3.6,1.7,67.6,319.5,4.7,8.3,7.6,1.8,17.6,7.3,63.5,0.6,1.4,2.0
2007,UCLA,13,22.4,14.2,29.9,47.6,182.6,1.0,40.5,151.0,3.7,0.9,70.5,333.6,4.7,7.7,8.0,1.2,16.8,7.3,62.1,1.2,1.2,2.4
2007,Vanderbilt,12,21.7,16.1,29.6,54.4,176.4,1.4,40.1,150.2,3.7,1.1,69.7,326.6,4.7,8.3,8.5,2.3,19.1,4.9,39.9,1.1,1.0,2.1
2007,Kent State,12,21.6,13.5,26.2,51.6,166.4,1.1,45.4,200.3,4.4,1.3,71.6,366.7,5.1,6.9,11.8,1.7,20.4,6.0,55.3,0.9,1.3,2.2
2007,Idaho,12,21.5,14.8,32.7,45.2,191.5,1.2,39.5,158.2,4.0,1.2,72.2,349.7,4.8,9.3,8.7,1.5,19.5,6.8,63.5,0.9,1.9,2.8
2007,Mississippi State,13,21.5,14.5,28.6,50.5,159.9,0.9,39.1,137.2,3.5,1.4,67.7,297.2,4.4,7.5,8.2,1.0,16.6,5.9,52.3,0.8,1.4,2.2
2007,Akron,12,21.2,16.8,31.2,53.7,183.8,1.3,36.6,127.8,3.5,0.9,67.8,311.7,4.6,8.4,7.4,1.7,17.5,7.0,52.9,0.9,1.2,2.1
2007,North Carolina,12,21.2,18.3,30.7,59.8,226.2,1.3,33.5,99.2,3.0,0.9,64.2,325.3,5.1,9.7,6.0,1.1,16.8,6.9,55.7,0.8,1.6,2.3
2007,Louisiana Tech,12,20.8,19.8,35.0,56.7,195.7,1.1,40.8,155.3,3.8,1.3,75.8,350.9,4.6,8.8,9.4,1.4,19.6,7.8,66.8,1.3,0.8,2.1
2007,North Carolina State,12,20.8,23.4,41.8,56.0,245.7,1.2,29.6,89.3,3.0,1.0,71.4,334.9,4.7,11.7,5.3,1.4,18.3,6.6,54.5,0.8,1.9,2.7
2007,Miami (FL),12,20.6,13.4,25.1,53.5,169.5,1.3,39.8,145.6,3.7,1.1,64.9,315.1,4.9,7.1,7.5,1.3,15.8,6.5,51.8,0.9,1.7,2.6
2007,Utah State,12,20.6,14.8,22.7,65.1,153.0,0.9,39.3,124.9,3.2,1.2,61.9,277.9,4.5,6.4,7.5,1.3,15.3,6.1,54.0,0.9,0.8,1.7
2007,San Jose State,12,20.4,23.0,37.5,61.3,264.3,1.6,32.1,83.8,2.6,0.8,69.6,348.1,5.0,11.3,5.3,2.5,19.1,6.4,45.8,0.3,0.9,1.2
2007,Ole Miss,12,20.1,16.6,32.6,50.9,213.8,1.4,31.6,131.5,4.2,0.7,64.2,345.3,5.4,9.6,7.3,1.8,18.7,6.4,47.6,0.6,1.7,2.3
2007,Stanford,12,19.6,18.9,35.3,53.5,211.3,1.0,37.2,111.2,3.0,1.2,72.5,322.5,4.4,9.7,7.4,2.1,19.2,5.3,50.3,0.8,1.1,1.9
2007,UAB,12,19.6,18.3,37.3,49.1,215.3,1.3,29.8,110.3,3.7,0.5,67.2,325.6,4.8,9.8,5.3,2.5,17.6,6.3,50.9,0.4,1.3,1.7
2007,Wyoming,12,19.4,20.2,34.3,58.7,192.9,1.0,38.9,129.8,3.3,1.2,73.3,322.8,4.4,9.4,8.3,2.4,20.1,6.1,53.2,1.0,1.6,2.6
2007,Miami (OH),13,19.2,20.4,37.2,54.8,236.2,1.0,34.5,130.7,3.8,1.1,71.7,366.8,5.1,10.2,7.3,2.2,19.7,5.5,47.1,0.7,1.5,2.2
2007,Northern Illinois,12,19.1,18.3,31.5,58.2,202.4,1.2,35.7,135.5,3.8,0.9,67.2,337.9,5.0,8.8,7.8,1.2,17.8,5.1,46.6,1.1,1.6,2.7
2007,Iowa,12,18.5,16.6,31.3,52.9,190.1,1.4,36.5,126.3,3.5,0.9,67.8,316.3,4.7,8.6,7.3,1.0,16.9,5.6,50.9,0.5,0.6,1.1
2007,Baylor,12,18.2,25.8,46.8,55.1,273.4,1.9,24.8,77.8,3.1,0.4,71.6,351.3,4.9,12.5,4.6,1.4,18.5,5.8,44.3,0.8,2.3,3.1
2007,Iowa State,12,18.2,21.2,35.3,60.0,203.3,0.8,39.4,123.7,3.1,1.3,74.7,326.9,4.4,10.0,7.8,1.4,19.2,4.7,42.4,0.9,1.2,2.1
2007,UNLV,12,18.2,18.7,34.1,54.8,212.5,1.0,36.3,140.7,3.9,0.9,70.4,353.2,5.0,10.9,7.0,1.6,19.5,7.2,61.2,0.5,1.3,1.8
2007,Duke,12,17.9,17.5,31.9,54.8,207.1,1.8,31.3,64.0,2.0,0.5,63.3,271.1,4.3,7.3,5.1,1.9,14.3,6.1,52.9,0.9,0.8,1.8
2007,Army,12,16.9,16.8,31.7,52.9,188.1,1.1,33.3,87.4,2.6,0.5,65.0,275.5,4.2,8.4,5.3,0.5,14.2,4.0,31.3,1.2,1.4,2.6
2007,Notre Dame,12,16.4,18.1,32.4,55.8,167.0,1.0,36.4,75.3,2.1,0.9,68.8,242.3,3.5,7.4,6.1,2.1,15.6,6.5,57.8,1.3,0.8,2.1
2007,Syracuse,12,16.4,16.8,31.9,52.7,229.2,1.5,31.3,62.8,2.0,0.4,63.2,291.9,4.6,9.3,4.8,0.9,15.1,7.1,58.9,0.8,0.8,1.7
2007,Temple,12,16.4,18.2,30.5,59.6,207.6,1.3,35.2,93.3,2.7,0.6,65.7,300.8,4.6,9.9,5.9,0.8,16.6,5.9,48.5,1.3,0.9,2.2
2007,Florida International,12,15.1,13.3,28.9,45.8,150.6,1.2,35.8,119.1,3.3,0.5,64.8,269.7,4.2,6.8,6.0,1.0,13.8,6.1,46.4,1.2,1.7,2.8
2008,Oklahoma,14,51.1,25.0,36.9,67.7,349.4,3.6,42.1,198.5,4.7,3.2,79.0,547.9,6.9,15.1,10.9,1.6,27.6,7.3,64.6,0.1,0.6,0.8
2008,Tulsa,14,47.2,19.3,30.2,63.8,301.9,3.4,48.1,268.0,5.6,2.9,78.4,569.9,7.3,13.1,13.4,1.4,27.9,4.4,37.0,0.6,1.5,2.1
2008,Texas Tech,13,43.8,35.8,50.9,70.2,413.2,3.6,24.4,117.8,4.8,2.2,75.3,531.0,7.1,18.2,8.1,1.3,27.5,7.3,60.2,0.8,0.8,1.6
2008,Florida,14,43.6,15.1,23.5,64.1,213.9,2.4,38.9,231.1,5.9,3.0,62.4,445.1,7.1,9.2,11.0,1.6,21.9,7.3,59.9,0.6,0.4,0.9
2008,Texas,13,42.4,26.4,34.4,76.7,308.3,2.8,39.1,167.5,4.3,2.5,73.5,475.8,6.5,14.5,10.2,2.4,27.1,6.4,56.8,0.5,0.6,1.1
2008,Missouri,14,42.2,28.9,40.4,71.5,330.4,2.9,29.8,153.8,5.2,2.0,70.1,484.1,6.9,16.8,7.1,1.6,25.6,4.1,37.4,0.6,1.3,1.9
2008,Oregon,13,41.9,15.7,28.7,54.7,204.8,1.5,45.0,280.1,6.2,3.6,73.7,484.8,6.6,8.7,12.3,2.2,23.2,7.1,62.1,1.1,0.9,2.0
2008,Rice,13,41.3,26.1,39.7,65.7,327.2,3.7,34.5,143.7,4.2,1.6,74.2,470.9,6.3,15.2,8.9,1.8,25.9,4.9,42.5,0.7,0.5,1.2
2008,Oklahoma State,13,40.8,16.2,25.1,64.4,242.2,1.9,44.8,245.5,5.5,2.9,69.8,487.7,7.0,10.2,13.4,1.3,24.9,6.5,54.3,0.8,0.8,1.5
2008,Houston,13,40.6,31.6,46.9,67.4,401.6,3.5,31.2,161.2,5.2,1.8,78.2,562.8,7.2,17.3,8.2,1.8,27.3,6.3,58.2,1.3,0.8,2.2
2008,Penn State,13,38.9,17.2,29.5,58.5,243.1,1.8,39.3,205.8,5.2,2.8,68.8,448.9,6.5,10.9,10.5,1.7,23.1,3.8,31.4,0.8,0.5,1.2
2008,Boise State,13,37.6,22.9,33.7,68.0,288.5,2.3,34.5,152.3,4.4,2.2,68.2,440.8,6.5,12.5,7.8,1.6,21.9,7.2,64.5,1.2,0.8,2.0
2008,Nevada,13,37.6,17.2,32.2,53.6,230.8,1.7,45.6,277.8,6.1,3.0,77.8,508.5,6.5,10.3,13.4,1.6,25.3,6.8,57.9,1.2,0.7,1.8
2008,USC,13,37.5,19.5,29.8,65.5,259.8,2.8,38.7,194.8,5.0,2.1,68.5,454.7,6.6,11.8,10.2,1.5,23.5,7.9,72.9,0.8,0.9,1.7
2008,Utah,13,36.9,21.5,31.8,67.4,244.5,2.2,38.4,156.5,4.1,1.8,70.2,400.9,5.7,11.8,8.6,1.2,21.7,6.9,62.8,0.7,0.7,1.4
2008,Arizona,13,36.6,20.5,31.7,64.6,244.0,1.8,38.8,158.4,4.1,2.5,70.5,402.4,5.7,12.0,8.7,1.4,22.1,4.1,35.2,0.8,0.6,1.5
2008,Nebraska,13,35.4,22.7,33.3,68.1,281.0,2.1,37.4,169.8,4.5,2.1,70.7,450.8,6.4,13.2,8.7,0.8,22.7,7.2,61.5,1.3,0.8,2.2
2008,Ball State,14,34.9,18.6,28.9,64.4,258.0,1.9,37.1,184.5,5.0,2.3,66.1,442.5,6.7,11.9,9.7,1.6,23.2,2.8,26.7,0.7,0.6,1.3
2008,Kansas State,12,34.9,20.8,35.4,58.8,269.6,1.8,34.0,132.5,3.9,2.2,69.4,402.1,5.8,11.5,7.8,1.6,20.8,5.6,45.8,1.2,0.8,2.0
2008,Brigham Young,13,34.2,26.0,37.9,68.6,310.4,2.7,32.6,134.4,4.1,1.6,70.5,444.8,6.3,15.2,7.3,1.6,24.2,7.8,70.2,1.1,1.1,2.2
2008,TCU,13,33.6,16.7,28.5,58.5,201.1,1.1,49.4,220.2,4.5,3.0,77.9,421.3,5.4,10.4,11.9,1.3,23.6,8.8,76.9,0.5,0.6,1.2
2008,Florida State,13,33.4,16.2,29.8,54.5,192.8,1.4,37.2,179.1,4.8,2.1,66.9,371.8,5.6,8.7,10.1,1.6,20.4,7.8,72.1,0.8,1.2,2.0
2008,Kansas,13,33.4,25.6,38.5,66.6,305.6,2.5,34.2,126.8,3.7,1.8,72.7,432.4,5.9,13.2,8.5,1.4,23.2,4.8,44.3,0.7,1.0,1.7
2008,Louisiana,12,33.1,15.3,24.0,63.5,185.5,1.5,44.4,263.7,5.9,2.7,68.4,449.2,6.6,8.3,11.3,1.3,20.8,7.1,57.8,0.8,1.3,2.1
2008,UTEP,12,32.9,21.5,37.3,57.6,284.2,2.8,30.9,122.3,4.0,0.8,68.3,406.5,6.0,12.3,6.5,1.8,20.6,6.1,57.3,0.5,0.8,1.3
2008,Troy,13,32.8,24.5,40.3,60.9,246.6,2.0,34.5,167.6,4.9,1.8,74.8,414.2,5.5,11.5,9.5,1.5,22.4,6.8,57.8,0.9,0.8,1.8
2008,California,13,32.6,16.1,30.5,52.6,189.8,1.9,33.5,186.2,5.6,1.7,64.0,376.0,5.9,8.5,7.5,1.8,17.7,5.9,49.9,0.7,0.8,1.5
2008,Ole Miss,13,32.1,14.6,26.2,55.9,221.2,2.1,40.0,186.5,4.7,1.6,66.2,407.6,6.2,9.5,9.4,0.8,19.7,5.1,48.0,0.8,1.2,1.9
2008,Georgia,13,31.5,18.9,30.8,61.5,277.7,2.1,32.8,148.3,4.5,1.6,63.5,426.0,6.7,12.5,7.3,1.2,21.0,8.6,72.2,0.7,0.8,1.5
2008,LSU,13,30.9,15.8,30.1,52.7,201.3,1.6,38.1,166.8,4.4,2.1,68.2,368.1,5.4,8.8,9.4,1.4,19.5,6.3,49.9,0.2,1.4,1.5
2008,Southern Mississippi,13,30.6,20.2,35.2,57.3,241.1,1.8,40.8,192.5,4.7,2.2,76.0,433.5,5.7,10.5,10.2,1.3,22.1,7.6,74.8,0.5,0.7,1.2
2008,Oregon State,13,30.5,20.8,34.5,60.3,249.0,1.9,37.5,158.1,4.2,1.6,71.9,407.1,5.7,10.9,9.2,1.4,21.5,6.7,56.8,0.5,1.2,1.6
2008,Buffalo,14,30.3,21.9,33.7,64.8,237.6,1.8,34.7,132.7,3.8,1.9,68.4,370.3,5.4,11.1,7.3,1.6,19.9,4.7,44.9,0.6,0.4,1.0
2008,Iowa,13,30.3,14.4,24.6,58.4,181.7,1.2,39.6,188.7,4.8,2.3,64.2,370.4,5.8,8.3,11.2,1.2,20.7,4.1,34.3,1.0,0.8,1.8
2008,Alabama,14,30.1,13.9,23.9,58.4,171.1,0.8,40.6,184.6,4.6,2.3,64.4,355.8,5.5,8.0,9.5,1.3,18.8,4.1,37.1,0.7,0.6,1.4
2008,Akron,12,30.0,19.3,33.7,57.4,231.5,1.7,36.3,165.2,4.6,1.9,69.9,396.7,5.7,11.3,8.8,1.2,21.3,5.5,46.5,0.5,1.2,1.7
2008,Fresno State,13,29.6,17.0,28.6,59.4,204.9,1.4,36.8,182.3,4.9,1.8,65.5,387.2,5.9,9.8,9.2,1.7,20.7,4.9,41.8,0.9,0.9,1.8
2008,Central Michigan,13,29.5,24.4,36.9,66.0,289.8,2.2,37.2,133.7,3.6,1.5,74.2,423.5,5.7,13.5,8.5,1.1,23.2,5.8,56.6,0.3,0.6,0.9
2008,Rutgers,13,29.0,19.2,31.9,60.2,270.4,2.0,32.5,128.0,3.9,1.6,64.5,398.4,6.2,12.2,6.5,1.6,20.3,4.5,38.8,0.4,1.2,1.5
2008,Illinois,12,28.7,18.6,32.8,56.7,269.3,1.8,38.3,169.5,4.4,1.4,71.1,438.8,6.2,11.8,8.8,0.8,21.4,5.5,51.0,0.8,1.3,2.2
2008,Western Michigan,13,28.6,26.6,41.2,64.7,294.7,2.8,27.5,116.8,4.2,0.8,68.7,411.5,6.0,13.0,6.3,2.2,21.5,6.2,47.4,1.0,0.8,1.8
2008,Baylor,12,28.0,14.2,24.2,58.6,180.7,1.3,40.1,195.8,4.9,2.4,64.3,376.4,5.9,7.8,10.3,1.6,19.8,6.7,54.7,0.5,0.4,0.9
2008,Bowling Green State,12,27.7,22.8,34.3,66.7,225.8,2.0,33.9,134.0,4.0,1.6,68.2,359.8,5.3,10.8,8.0,1.2,20.0,6.3,53.4,1.0,0.8,1.8
2008,North Carolina,13,27.7,14.0,24.6,56.9,198.8,1.6,34.7,122.6,3.5,1.4,59.3,321.4,5.4,8.4,6.8,0.6,15.8,4.8,42.3,0.8,0.9,1.8
2008,Ohio State,13,27.6,12.3,20.5,59.9,150.2,1.3,41.5,192.5,4.6,1.6,62.1,342.7,5.5,6.3,10.2,1.2,17.7,5.2,43.6,0.5,0.5,1.0
2008,South Florida,13,27.6,19.6,31.3,62.7,239.6,1.4,39.8,165.4,4.2,1.8,71.2,405.0,5.7,11.9,9.2,1.2,22.4,8.5,67.8,0.8,1.2,1.9
2008,Wisconsin,13,27.5,13.8,25.6,54.1,188.1,0.8,43.6,211.2,4.8,2.4,69.2,399.2,5.8,8.8,10.2,0.7,19.6,5.3,47.4,1.5,0.8,2.3
2008,Memphis,13,27.2,19.0,33.6,56.5,222.4,1.5,41.5,194.8,4.7,1.9,75.2,417.2,5.6,10.1,11.5,2.2,23.8,4.5,39.9,0.4,0.9,1.3
2008,Navy,13,27.2,3.5,7.2,49.5,60.9,0.5,55.0,292.4,5.3,2.5,62.2,353.3,5.7,2.1,14.3,0.8,17.2,3.2,26.8,0.8,0.4,1.2
2008,Miami (FL),13,27.1,18.2,31.6,57.7,196.8,1.7,32.8,129.2,3.9,1.3,64.4,326.0,5.1,9.2,6.8,0.9,16.9,5.7,46.5,0.4,1.5,1.9
2008,Pitt,13,27.1,16.4,29.3,55.9,203.4,0.8,37.8,139.1,3.7,2.2,67.2,342.5,5.1,9.1,7.8,1.5,18.4,4.4,33.8,1.0,1.1,2.1
2008,Arkansas State,12,27.0,13.9,25.7,54.2,195.5,1.3,40.7,203.3,5.0,1.6,66.3,398.8,6.0,7.9,10.4,1.5,19.8,7.0,65.0,0.6,0.7,1.3
2008,Air Force,13,26.8,5.7,10.6,53.6,82.2,0.7,59.8,266.9,4.5,2.1,70.4,349.1,5.0,2.8,14.8,1.0,18.5,5.6,46.3,0.8,0.5,1.3
2008,Stanford,12,26.3,13.5,23.9,56.4,152.2,0.9,40.8,199.6,4.9,2.2,64.8,351.8,5.4,7.2,9.8,1.8,18.8,6.9,61.9,0.8,1.3,2.1
2008,Cincinnati,14,25.9,20.7,33.7,61.4,253.0,1.9,32.5,117.6,3.6,1.1,66.2,370.6,5.6,11.1,7.1,1.3,19.4,7.1,64.5,1.1,1.1,2.1
2008,Eastern Michigan,12,25.8,25.7,41.6,61.7,269.3,1.4,34.8,148.2,4.3,1.9,76.4,417.5,5.5,13.5,7.6,1.9,23.0,5.4,50.0,0.4,1.1,1.5
2008,Kent State,12,25.7,13.8,25.0,55.0,169.7,1.2,43.9,230.6,5.3,2.3,68.9,400.3,5.8,7.3,12.3,1.7,21.3,5.2,39.6,1.2,0.9,2.1
2008,UNLV,12,25.6,18.6,32.1,57.9,223.3,1.9,33.7,121.7,3.6,1.3,65.8,345.0,5.2,10.7,6.3,1.9,18.9,5.5,43.0,0.6,0.5,1.1
2008,Iowa State,12,25.3,21.8,36.5,59.6,248.4,1.4,33.6,138.4,4.1,1.5,70.1,386.8,5.5,11.3,7.3,1.5,20.1,6.4,57.4,0.9,0.9,1.8
2008,Clemson,13,25.2,19.1,30.8,62.0,217.8,1.2,33.2,111.5,3.4,1.7,63.9,329.4,5.2,9.9,6.4,1.8,18.2,5.5,47.5,1.0,1.2,2.2
2008,Colorado State,13,25.2,19.7,32.8,60.0,248.2,1.5,35.1,147.6,4.2,1.4,67.9,395.8,5.8,10.8,8.2,1.1,20.2,4.6,42.1,0.3,1.2,1.5
2008,Florida Atlantic,13,25.1,18.7,35.2,53.2,254.8,1.9,32.0,138.8,4.3,1.2,67.2,393.5,5.9,11.8,7.4,1.2,20.5,7.4,70.4,1.1,1.2,2.2
2008,Michigan State,13,25.1,16.5,30.7,53.6,213.3,0.8,39.3,130.2,3.3,1.8,70.0,343.5,4.9,9.7,7.1,2.0,18.8,5.1,46.2,0.9,0.8,1.7
2008,Texas A&M,12,25.0,20.9,34.3,60.9,252.4,1.9,30.4,88.5,2.9,1.2,64.8,340.9,5.3,10.9,6.1,1.6,18.6,7.3,56.8,1.3,1.0,2.3
2008,Connecticut,13,24.9,12.6,25.3,49.8,139.7,0.4,42.8,216.4,5.1,2.1,68.1,356.1,5.2,6.3,11.1,1.7,19.1,5.1,43.9,0.9,1.3,2.2
2008,Boston College,14,24.7,16.6,32.0,52.0,176.5,1.2,37.0,142.9,3.9,1.3,69.0,319.4,4.6,8.1,8.6,1.4,18.2,4.3,36.7,1.1,1.2,2.4
2008,Florida International,12,24.7,15.5,29.4,52.7,218.3,1.4,34.8,98.7,2.8,1.3,64.3,316.9,4.9,8.2,5.6,1.3,15.0,8.8,66.6,0.8,0.8,1.6
2008,Louisville,12,24.7,18.9,32.6,58.1,212.2,1.3,37.8,164.5,4.3,1.5,70.4,376.7,5.3,9.5,8.4,2.3,20.3,6.3,56.8,1.1,1.4,2.5
2008,Notre Dame,13,24.7,20.8,34.4,60.6,245.4,1.9,33.5,109.7,3.3,0.8,67.9,355.1,5.2,10.2,7.0,2.0,19.2,5.4,49.9,0.8,1.3,2.2
2008,Purdue,12,24.7,24.6,41.8,58.8,249.6,1.3,32.7,124.8,3.8,1.6,74.5,374.4,5.0,11.5,7.8,1.9,21.2,5.0,40.3,0.8,1.1,1.9
2008,Hawaii,14,24.6,20.7,35.0,59.2,251.3,1.7,29.4,94.5,3.2,1.3,64.4,345.8,5.4,11.1,6.1,1.6,18.7,8.7,78.4,1.1,1.6,2.6
2008,Louisiana Tech,13,24.6,12.2,26.4,46.1,156.0,0.7,40.2,187.1,4.7,1.8,66.6,343.1,5.2,6.0,10.6,1.4,18.0,6.1,52.5,0.8,0.8,1.5
2008,West Virginia,13,24.5,15.5,23.5,66.2,150.5,1.7,39.8,209.9,5.3,1.2,63.2,360.4,5.7,6.6,10.3,1.3,18.2,4.5,41.2,0.6,0.6,1.2
2008,Georgia Tech,13,24.4,5.7,12.7,44.8,99.2,0.4,49.2,273.2,5.6,2.5,61.9,372.5,6.0,4.2,11.6,0.7,16.5,4.8,43.8,1.5,0.5,2.1
2008,Northwestern,13,24.4,21.5,35.2,60.9,216.7,1.5,37.8,141.8,3.8,1.2,73.0,358.5,4.9,10.8,7.3,2.1,20.2,4.7,43.6,0.8,1.4,2.2
2008,Northern Illinois,13,24.2,13.5,24.0,56.4,163.8,1.0,38.5,171.2,4.4,1.7,62.5,335.1,5.4,7.6,8.9,1.2,17.7,4.8,43.8,0.5,0.9,1.4
2008,Ohio,12,24.1,19.0,32.2,59.1,232.9,1.8,32.7,128.5,3.9,0.8,64.8,361.4,5.6,10.0,7.2,1.2,18.3,6.6,59.0,1.4,1.2,2.6
2008,Utah State,12,24.0,16.1,28.5,56.4,196.5,1.3,36.4,137.8,3.8,1.5,64.9,334.3,5.1,8.3,7.3,1.8,17.4,7.3,66.8,0.9,1.2,2.1
2008,Louisiana-Monroe,12,23.7,16.8,28.9,57.9,184.6,1.7,35.3,152.7,4.3,1.3,64.3,337.3,5.2,8.4,6.8,1.9,17.1,6.8,59.8,0.4,0.8,1.2
2008,North Carolina State,13,23.5,15.2,30.2,50.3,206.0,1.5,34.0,123.2,3.6,1.1,64.2,329.2,5.1,8.5,7.5,1.2,17.2,5.5,42.3,0.5,1.1,1.5
2008,East Carolina,14,23.4,17.7,29.9,59.3,214.0,1.1,37.0,126.4,3.4,1.2,66.9,340.4,5.1,9.0,7.4,0.8,17.2,5.9,53.0,1.4,0.6,2.0
2008,Temple,12,23.4,15.6,28.3,55.2,202.9,1.8,34.4,95.2,2.8,1.0,62.7,298.1,4.8,8.0,5.6,1.3,14.9,6.8,55.3,1.0,1.1,2.1
2008,Minnesota,13,23.2,19.8,31.9,62.2,219.1,1.2,33.5,103.8,3.1,1.5,65.5,322.9,4.9,9.4,6.3,0.8,16.5,6.4,53.5,0.8,0.6,1.5
2008,Arizona State,12,22.8,19.0,32.9,57.7,220.3,1.4,30.8,89.1,2.9,0.6,63.7,309.4,4.9,9.3,5.8,1.9,17.1,7.8,66.8,0.6,0.9,1.5
2008,Middle Tennessee State,12,22.8,21.3,34.5,61.8,241.7,1.5,34.3,106.9,3.1,1.3,68.8,348.6,5.1,10.6,7.0,1.1,18.7,5.7,50.6,0.8,0.9,1.7
2008,UAB,12,22.8,17.3,29.4,58.9,197.3,0.8,36.3,168.9,4.7,1.6,65.7,366.2,5.6,8.7,8.4,1.4,18.5,6.9,65.3,0.8,1.3,2.1
2008,Kentucky,13,22.6,17.5,31.9,54.7,171.8,0.8,34.2,127.5,3.7,1.4,66.1,299.3,4.5,7.5,7.4,1.4,16.3,5.3,43.2,0.6,1.0,1.6
2008,Toledo,12,22.4,19.1,31.8,60.1,187.8,1.1,31.3,146.3,4.7,1.5,63.0,334.1,5.3,8.8,7.7,1.3,17.8,6.3,49.5,1.0,0.7,1.7
2008,New Mexico State,12,22.2,27.5,41.0,67.1,301.3,2.1,26.5,54.3,2.0,0.6,67.5,355.6,5.3,12.6,4.1,1.7,18.3,5.4,45.3,1.1,1.3,2.4
2008,Virginia Tech,14,22.1,11.9,20.8,57.4,129.1,0.4,46.1,174.4,3.8,1.6,66.9,303.4,4.5,6.0,9.6,1.7,17.4,5.0,34.7,0.6,0.9,1.4
2008,Arkansas,12,21.9,21.1,36.9,57.1,259.6,1.6,31.5,113.5,3.6,1.1,68.4,373.1,5.5,11.2,6.9,1.3,19.3,6.6,48.7,0.6,1.5,2.1
2008,Maryland,13,21.8,17.5,30.7,56.9,206.7,1.2,33.5,144.0,4.3,1.4,64.2,350.7,5.5,9.8,6.9,1.2,17.9,4.7,41.2,0.9,1.0,1.9
2008,SMU,12,21.3,22.4,39.7,56.5,272.9,2.4,18.1,41.4,2.3,0.3,57.8,314.3,5.4,11.8,3.6,1.8,17.1,6.2,48.8,0.6,2.1,2.7
2008,New Mexico,12,21.1,13.3,24.1,55.0,131.3,0.3,45.0,208.3,4.6,1.9,69.1,339.6,4.9,6.4,10.7,1.3,18.3,6.8,57.8,0.7,1.2,1.8
2008,Wake Forest,13,21.0,18.0,28.5,63.2,186.9,1.1,39.6,121.4,3.1,1.1,68.1,308.3,4.5,8.5,7.1,1.2,16.8,4.7,48.2,1.0,0.5,1.5
2008,South Carolina,13,20.8,19.2,34.8,55.1,222.5,1.5,32.1,94.1,2.9,0.5,66.8,316.5,4.7,9.9,7.0,1.6,18.5,5.8,49.2,0.8,2.1,2.9
2008,Indiana,12,20.5,16.1,29.8,53.9,181.3,0.9,37.1,166.9,4.5,1.6,66.9,348.2,5.2,7.5,8.0,1.5,17.0,5.3,49.3,0.8,0.9,1.8
2008,Marshall,12,20.5,14.7,29.3,50.1,172.7,1.4,35.3,157.8,4.5,1.1,64.5,330.4,5.1,7.1,8.4,1.3,16.8,5.3,45.3,0.7,1.2,1.8
2008,Michigan,12,20.3,13.8,28.2,48.8,143.2,0.9,37.8,147.6,3.9,1.4,65.9,290.8,4.4,5.8,8.2,1.5,15.5,4.8,41.7,1.5,1.0,2.5
2008,Colorado,12,20.2,18.8,33.7,55.9,194.0,1.6,36.6,124.5,3.4,0.8,70.3,318.5,4.5,9.3,8.3,1.2,18.8,5.4,43.0,0.8,1.2,2.0
2008,Duke,12,20.1,20.7,34.2,60.5,197.7,1.4,34.9,106.2,3.0,0.8,69.1,303.8,4.4,9.8,6.8,1.2,17.8,4.7,43.8,0.8,1.0,1.8
2008,North Texas,12,20.0,26.5,42.8,61.9,235.7,1.3,30.8,127.3,4.1,1.2,73.7,363.0,4.9,10.9,8.0,1.7,20.6,6.6,54.9,1.3,1.4,2.8
2008,Idaho,12,19.6,16.7,31.6,52.8,187.8,1.7,35.4,133.2,3.8,0.8,67.0,320.9,4.8,8.7,7.3,1.7,17.7,6.4,61.4,1.0,1.7,2.7
2008,San Diego State,12,19.3,22.6,40.8,55.4,239.3,1.3,23.7,73.2,3.1,0.9,64.4,312.4,4.8,10.8,4.9,1.6,17.3,6.1,51.0,1.2,0.9,2.1
2008,Vanderbilt,13,19.2,12.1,24.5,49.2,122.6,1.1,36.2,133.6,3.7,1.0,60.8,256.2,4.2,5.5,7.2,2.1,14.8,4.3,36.4,0.7,0.9,1.6
2008,San Jose State,12,18.7,19.7,31.9,61.6,196.2,1.0,32.2,86.7,2.7,0.9,64.1,282.8,4.4,7.9,4.9,1.7,14.5,6.8,51.9,0.5,1.1,1.6
2008,Miami (OH),12,18.4,22.1,38.4,57.5,217.9,0.8,31.3,108.1,3.4,0.8,69.8,326.0,4.7,11.0,6.3,1.8,19.1,5.3,42.1,1.3,1.0,2.3
2008,Syracuse,12,18.1,11.8,24.9,47.2,121.5,0.9,32.7,148.7,4.6,0.9,57.6,270.2,4.7,5.3,7.3,1.0,13.7,4.5,38.3,0.8,0.7,1.4
2008,UCLA,12,17.7,19.8,36.1,54.7,200.5,0.8,31.6,82.8,2.6,0.8,67.7,283.3,4.2,9.7,4.6,2.1,16.3,6.6,56.5,0.7,1.8,2.4
2008,Auburn,12,17.3,15.3,28.4,54.0,165.4,0.6,39.1,137.5,3.5,1.0,67.5,302.9,4.5,6.8,8.5,1.2,16.5,6.2,47.3,1.1,1.1,2.2
2008,Tennessee,12,17.3,12.8,25.8,49.5,145.8,0.7,34.1,122.9,3.6,1.2,59.8,268.8,4.5,5.8,7.2,1.3,14.3,5.5,44.9,0.8,0.8,1.5
2008,Tulane,12,16.7,19.0,34.1,55.7,221.3,0.8,33.3,118.4,3.6,1.2,67.3,339.7,5.0,10.0,6.4,1.7,18.1,6.0,52.5,0.6,1.3,1.8
2008,UCF,12,16.6,11.0,25.7,42.9,116.3,1.0,37.8,113.3,3.0,0.7,63.4,229.5,3.6,6.0,6.2,0.8,13.0,5.7,52.3,1.2,0.9,2.1
2008,Virginia,12,16.1,22.4,36.6,61.3,203.2,0.8,28.3,96.6,3.4,1.2,64.8,299.8,4.6,10.5,5.5,1.4,17.4,4.9,42.4,0.8,1.7,2.5
2008,Mississippi State,12,15.3,17.5,32.0,54.7,174.3,0.8,33.2,100.6,3.0,1.1,65.2,274.9,4.2,9.0,5.8,0.8,15.6,5.7,44.3,0.7,1.0,1.7
2008,Army,12,14.8,4.8,10.7,44.5,46.3,0.3,52.9,241.4,4.6,1.4,63.6,287.7,4.5,2.7,11.2,1.7,15.5,3.8,36.4,2.0,0.5,2.5
2008,Washington,12,13.3,14.4,30.5,47.3,163.8,0.5,34.9,99.3,2.8,1.1,65.4,263.2,4.0,7.8,6.8,2.1,16.7,4.7,39.8,1.0,1.3,2.3
2008,Washington State,13,12.7,14.7,27.8,52.9,146.0,0.5,34.6,95.1,2.7,1.0,62.4,241.1,3.9,6.7,5.8,1.6,14.2,7.2,69.4,1.3,1.6,2.9
2008,Wyoming,12,12.7,11.9,23.1,51.6,117.7,0.7,41.8,178.3,4.3,0.8,64.9,296.0,4.6,5.2,9.5,1.7,16.3,5.8,51.8,1.6,1.4,3.0
2009,Boise State,14,42.2,21.0,32.7,64.2,264.1,2.9,36.3,186.1,5.1,2.1,69.0,450.2,6.5,11.9,8.8,1.6,22.2,6.2,55.9,0.8,0.2,1.0
2009,Houston,14,42.2,37.5,53.4,70.3,433.7,3.4,28.8,129.6,4.5,1.6,82.1,563.4,6.9,21.2,7.9,1.2,30.3,4.5,40.8,0.8,1.1,1.9
2009,Texas,14,39.3,25.9,38.6,67.0,273.6,2.1,36.6,147.6,4.0,2.0,75.2,421.2,5.6,12.5,9.1,1.9,23.6,6.7,58.4,0.9,1.1,2.0
2009,Cincinnati,13,38.6,23.9,36.3,65.9,308.8,3.0,27.8,138.7,5.0,1.8,64.1,447.5,7.0,12.6,6.8,1.3,20.8,4.8,45.3,0.2,0.6,0.8
2009,TCU,13,38.3,15.5,25.1,62.0,217.2,1.8,45.8,239.5,5.2,2.7,70.8,456.7,6.4,9.8,12.6,1.5,23.9,5.5,54.1,1.2,0.6,1.8
2009,Nevada,13,38.2,13.1,22.5,58.0,160.7,1.6,46.7,344.9,7.4,3.7,69.2,505.6,7.3,8.0,15.0,0.8,23.8,6.7,61.0,1.2,0.5,1.6
2009,Texas Tech,13,37.0,34.5,51.5,67.0,386.8,2.9,24.5,84.0,3.4,1.8,76.0,470.8,6.2,18.3,5.8,1.6,25.8,9.2,78.4,1.0,1.3,2.3
2009,Oregon,13,36.1,15.2,26.0,58.3,180.3,1.2,42.1,231.7,5.5,2.9,68.1,412.0,6.1,7.8,11.3,1.1,20.2,7.3,62.7,1.2,0.5,1.8
2009,Arkansas,13,36.0,19.0,33.8,56.3,295.5,2.5,30.4,131.8,4.3,1.8,64.2,427.3,6.7,11.3,6.8,1.4,19.5,6.7,52.2,0.5,0.7,1.2
2009,Florida,14,35.9,17.8,26.0,68.4,236.1,2.0,39.6,221.8,5.6,2.1,65.6,457.9,7.0,10.1,11.3,1.0,22.4,6.8,52.5,0.8,0.4,1.1
2009,Brigham Young,13,35.5,21.7,32.2,67.3,281.5,2.6,36.2,145.7,4.0,2.0,68.4,427.2,6.2,13.0,7.9,1.5,22.4,7.2,66.7,0.8,1.1,1.8
2009,Stanford,13,35.5,13.4,24.1,55.6,209.4,1.1,41.2,218.2,5.3,3.0,65.3,427.6,6.5,9.1,10.8,1.2,21.2,5.5,52.7,0.8,0.5,1.3
2009,Central Michigan,14,33.9,23.5,34.2,68.7,255.5,2.0,36.8,167.6,4.6,2.1,71.0,423.1,6.0,13.1,9.6,1.4,24.1,5.3,50.3,0.4,0.6,1.1
2009,Fresno State,13,33.8,14.9,24.7,60.4,201.6,1.6,42.7,228.9,5.4,2.3,67.4,430.5,6.4,9.8,10.0,1.4,21.2,4.4,39.6,1.1,0.8,1.9
2009,Georgia Tech,14,33.8,5.6,12.0,46.4,126.7,0.8,56.6,295.4,5.2,3.4,68.6,422.1,6.2,4.1,15.2,1.2,20.5,6.0,47.1,0.9,0.4,1.3
2009,Troy,13,33.7,25.6,40.7,62.9,336.5,1.8,34.2,149.2,4.4,2.2,74.8,485.7,6.5,14.7,7.8,1.5,24.0,8.2,68.3,1.3,0.8,2.1
2009,Auburn,13,33.3,16.8,28.0,59.9,219.8,1.9,42.3,212.0,5.0,1.8,70.3,431.8,6.1,9.1,10.6,0.8,20.5,7.5,65.2,1.1,0.7,1.8
2009,Southern Mississippi,13,32.9,18.6,30.1,61.9,235.0,2.1,39.4,181.4,4.6,1.8,69.5,416.4,6.0,10.6,9.9,1.5,22.1,7.8,70.3,0.8,0.5,1.3
2009,Texas A&M,13,32.8,23.2,39.2,59.3,281.6,2.3,41.8,184.2,4.4,1.9,81.0,465.8,5.8,13.2,10.7,2.2,26.1,7.6,69.3,1.2,0.6,1.8
2009,Idaho,13,32.7,18.5,30.5,60.6,286.7,2.2,34.8,164.7,4.7,1.9,65.3,451.4,6.9,12.2,7.7,2.2,22.1,6.7,63.8,0.6,1.2,1.8
2009,Alabama,14,32.1,15.1,24.7,61.3,187.9,1.2,42.9,215.1,5.0,2.2,67.6,403.0,6.0,8.4,10.9,1.3,20.6,4.9,42.7,0.5,0.4,0.9
2009,Pitt,13,32.1,16.8,26.0,64.8,211.3,1.8,36.8,180.3,4.9,1.9,62.8,391.6,6.2,9.3,8.7,1.2,19.2,5.2,50.5,0.5,0.6,1.1
2009,Middle Tennessee State,13,32.0,18.3,33.5,54.6,235.7,1.9,39.9,186.0,4.7,1.7,73.5,421.7,5.7,9.8,8.5,1.2,19.4,6.2,57.3,0.5,1.2,1.6
2009,Virginia Tech,13,31.8,10.5,19.2,55.0,183.9,1.1,44.1,208.2,4.7,2.5,63.2,392.1,6.2,7.4,9.5,0.9,17.8,5.8,48.8,0.8,0.4,1.2
2009,Wisconsin,13,31.8,16.8,26.2,64.1,213.1,1.2,44.7,203.8,4.6,2.5,70.8,416.9,5.9,9.9,10.4,0.8,21.1,5.3,47.4,0.9,0.9,1.8
2009,Oregon State,13,31.5,24.5,36.8,66.7,270.8,1.8,33.8,139.8,4.1,2.0,70.6,410.6,5.8,13.2,7.0,1.2,21.4,7.7,59.4,0.3,0.5,0.8
2009,Connecticut,13,31.2,16.5,28.8,57.1,216.5,1.2,40.6,170.7,4.2,2.3,69.5,387.2,5.6,9.5,9.2,0.8,19.5,3.9,29.7,0.7,1.0,1.7
2009,Clemson,14,31.1,15.7,27.9,56.4,192.0,1.6,35.4,170.4,4.8,1.7,63.3,362.4,5.7,8.4,8.1,0.9,17.5,4.9,44.9,0.8,0.9,1.7
2009,Oklahoma,13,31.1,23.1,39.9,57.8,289.2,2.2,37.3,134.6,3.6,1.4,77.2,423.8,5.5,11.8,8.5,3.1,23.4,8.2,80.3,0.8,1.2,2.0
2009,Miami (FL),13,30.3,18.9,32.0,59.1,261.9,1.9,35.6,138.0,3.9,1.6,67.6,399.9,5.9,12.9,7.4,0.8,21.2,7.2,54.1,0.3,1.3,1.6
2009,North Carolina State,12,30.3,20.7,35.1,58.9,272.9,2.7,34.9,120.9,3.5,1.3,70.0,393.8,5.6,12.3,7.5,2.4,22.2,5.3,43.3,1.0,1.1,2.1
2009,Florida State,13,30.1,22.8,33.6,67.7,271.8,1.2,32.5,149.5,4.6,2.1,66.1,421.4,6.4,11.2,9.1,1.4,21.7,6.9,62.5,1.0,1.0,2.0
2009,Notre Dame,12,30.1,25.1,37.3,67.3,323.5,2.5,33.4,128.3,3.8,1.1,70.7,451.8,6.4,13.8,8.8,1.8,24.4,6.3,55.5,0.8,0.4,1.2
2009,Utah,13,29.8,18.8,31.2,60.5,229.2,1.5,37.3,160.3,4.3,1.8,68.5,389.5,5.7,9.1,8.8,0.9,18.8,7.8,69.2,0.8,0.7,1.5
2009,UTEP,12,29.8,19.1,35.2,54.3,277.6,1.4,33.4,151.1,4.5,2.3,68.6,428.7,6.3,11.8,7.8,2.3,21.8,7.7,73.1,0.7,1.1,1.8
2009,Air Force,13,29.7,5.9,11.8,50.3,88.4,0.6,62.7,283.5,4.5,2.4,74.5,371.8,5.0,3.6,15.6,0.8,20.1,4.9,45.0,0.7,0.2,0.9
2009,Michigan State,13,29.7,19.3,32.5,59.3,269.4,2.2,32.2,136.8,4.2,1.2,64.8,406.2,6.3,11.8,6.5,1.5,19.8,6.4,55.4,0.6,0.9,1.5
2009,Toledo,12,29.7,22.6,37.1,60.9,278.5,1.8,34.1,159.8,4.7,1.9,71.2,438.3,6.2,12.3,7.7,1.2,21.2,8.1,70.1,1.3,1.3,2.6
2009,Michigan,12,29.5,15.8,27.4,57.4,198.3,1.3,41.2,186.2,4.5,2.3,68.6,384.5,5.6,8.9,10.0,0.7,19.6,4.8,43.1,1.1,1.3,2.3
2009,Ole Miss,13,29.5,15.8,29.0,54.4,218.8,1.7,38.7,183.6,4.7,1.7,67.7,402.4,5.9,10.2,9.4,0.9,20.5,5.5,43.4,0.8,1.6,2.4
2009,Temple,13,29.5,10.2,21.5,47.5,146.5,1.0,42.4,187.0,4.4,2.2,63.9,333.5,5.2,6.3,10.7,1.8,18.8,5.2,40.5,0.7,1.1,1.8
2009,Kansas,12,29.4,26.7,42.2,63.2,310.3,1.8,31.6,112.1,3.5,1.7,73.8,422.4,5.7,13.8,8.0,1.7,23.4,6.0,48.8,1.0,0.8,1.8
2009,Tennessee,13,29.3,17.9,30.8,58.1,226.3,2.2,36.7,157.2,4.3,1.5,67.5,383.5,5.7,10.5,9.4,1.1,20.9,4.8,39.7,0.5,1.1,1.6
2009,Tulsa,12,29.3,19.0,32.4,58.6,259.3,2.1,40.0,150.8,3.8,1.6,72.4,410.1,5.7,11.2,8.5,1.0,20.7,4.8,48.5,1.1,0.8,1.9
2009,Louisiana Tech,12,29.2,15.7,26.7,58.8,188.1,1.6,41.6,184.2,4.4,1.7,68.3,372.3,5.5,8.6,10.3,1.3,20.2,5.9,54.8,0.7,0.4,1.1
2009,SMU,13,29.2,22.0,36.3,60.6,282.0,1.7,29.1,109.8,3.8,1.8,65.4,391.8,6.0,12.0,5.6,2.0,19.6,7.3,63.4,0.9,1.1,2.0
2009,California,13,29.1,16.5,30.2,54.5,222.7,1.4,36.2,169.5,4.7,2.1,66.5,392.2,5.9,10.5,8.2,1.6,20.2,5.2,49.4,0.7,0.6,1.3
2009,Utah State,12,29.1,18.2,31.3,58.0,246.8,1.6,41.3,192.6,4.7,2.1,72.7,439.3,6.0,9.8,10.1,1.4,21.3,7.4,75.8,0.9,0.3,1.3
2009,Missouri,13,29.0,21.1,35.9,58.7,285.5,2.0,34.2,127.0,3.7,1.2,70.1,412.5,5.9,10.9,7.8,1.8,20.6,5.3,55.1,0.6,0.8,1.5
2009,Ohio State,13,29.0,13.4,24.3,55.1,173.6,1.5,43.3,195.4,4.5,1.5,67.6,369.0,5.5,7.1,10.9,1.2,19.2,5.5,43.2,0.5,0.8,1.4
2009,Georgia,13,28.9,14.6,26.6,54.9,201.2,1.8,34.4,161.0,4.7,1.3,61.0,362.2,5.9,8.9,7.4,1.1,17.4,8.1,67.5,0.8,1.3,2.2
2009,Penn State,13,28.8,18.5,30.5,60.7,237.2,1.9,35.9,169.8,4.7,1.5,66.5,406.9,6.1,10.9,8.8,1.3,21.0,4.3,31.2,0.5,0.8,1.3
2009,Rutgers,13,28.8,12.7,25.2,50.5,191.9,1.2,37.2,134.4,3.6,1.6,62.4,326.3,5.2,7.9,6.8,1.5,16.2,6.2,45.7,0.3,0.8,1.1
2009,Northern Illinois,13,28.6,12.9,21.1,61.3,150.0,1.1,40.8,195.2,4.8,2.1,61.9,345.2,5.6,6.7,9.8,1.4,17.8,5.4,46.2,0.6,0.6,1.2
2009,Bowling Green State,13,28.5,29.3,45.8,63.9,316.2,2.1,27.7,86.5,3.1,1.5,73.5,402.7,5.5,14.5,5.5,1.6,21.6,5.5,49.3,0.6,0.5,1.2
2009,Oklahoma State,13,28.4,15.1,25.8,58.3,179.5,1.5,42.7,187.8,4.4,1.7,68.5,367.2,5.4,7.8,9.8,1.5,19.2,7.5,63.2,1.2,1.1,2.3
2009,Navy,14,28.0,4.1,7.9,52.7,75.6,0.4,58.6,280.5,4.8,3.1,66.4,356.1,5.4,2.9,15.0,1.2,19.1,3.4,29.6,0.7,0.3,1.0
2009,Purdue,12,27.8,22.7,37.4,60.6,255.3,1.9,32.3,136.1,4.2,1.4,69.8,391.3,5.6,12.1,6.8,0.8,19.7,5.3,41.3,1.3,1.2,2.4
2009,UAB,12,27.8,14.1,24.3,58.1,196.0,1.8,38.6,229.9,6.0,1.4,62.8,425.9,6.8,8.3,10.0,0.8,19.1,7.5,66.8,0.4,0.7,1.1
2009,Arizona,13,27.4,23.2,37.2,62.2,225.2,1.5,33.1,159.4,4.8,1.5,70.3,384.5,5.5,10.4,8.3,1.5,20.2,5.5,43.0,0.6,0.9,1.5
2009,Florida Atlantic,12,27.4,21.4,37.0,57.9,279.7,2.2,36.2,152.4,4.2,1.4,73.2,432.1,5.9,13.5,9.2,1.8,24.4,8.3,70.7,0.7,0.6,1.3
2009,East Carolina,14,27.0,18.9,32.3,58.6,217.4,1.1,37.8,152.1,4.0,1.7,70.1,369.4,5.3,9.9,8.9,1.0,19.8,7.2,57.6,0.8,0.9,1.6
2009,North Texas,12,26.6,23.1,34.4,67.1,223.4,1.3,35.0,185.3,5.3,2.3,69.4,408.7,5.9,10.4,8.7,1.7,20.8,6.7,57.9,1.0,1.4,2.4
2009,South Florida,13,26.5,12.9,22.8,56.6,194.7,1.5,39.1,170.9,4.4,1.7,61.9,365.6,5.9,7.7,8.7,1.1,17.5,7.0,57.6,0.8,0.9,1.8
2009,USC,13,26.5,17.5,29.2,60.2,222.3,1.2,33.7,166.8,4.9,1.8,62.8,389.1,6.2,9.4,8.1,0.8,18.2,6.9,61.4,0.5,1.2,1.7
2009,Wake Forest,12,26.3,22.8,34.8,65.5,271.6,2.2,35.8,131.8,3.7,1.1,70.5,403.4,5.7,12.1,8.3,1.8,22.3,5.8,51.5,0.6,1.0,1.6
2009,UCF,13,26.2,17.2,29.2,58.8,210.3,1.6,36.9,130.5,3.5,1.5,66.1,340.8,5.2,10.1,8.1,1.0,19.2,4.0,37.6,0.5,1.0,1.5
2009,West Virginia,13,26.2,16.9,26.7,63.4,191.1,0.9,39.1,186.4,4.8,2.2,65.8,377.5,5.7,8.4,9.4,0.9,18.7,5.1,44.0,1.2,0.8,1.9
2009,Kentucky,13,26.1,13.8,25.1,55.2,140.3,1.0,42.4,191.2,4.5,2.0,67.5,331.5,4.9,6.8,11.0,1.3,19.2,4.5,38.6,0.7,0.8,1.5
2009,Washington,12,26.1,19.3,33.1,58.2,236.5,1.8,32.5,139.0,4.3,1.1,65.6,375.5,5.7,10.3,8.2,1.9,20.3,6.9,58.7,0.7,0.9,1.6
2009,Northwestern,13,25.9,26.3,40.8,64.4,286.5,1.5,38.7,117.5,3.0,1.4,79.5,404.1,5.1,13.8,7.2,2.2,23.3,5.6,44.9,0.9,1.1,2.0
2009,Louisiana-Monroe,12,25.6,15.4,27.4,56.2,208.4,1.5,40.7,183.9,4.5,1.8,68.1,392.3,5.8,9.5,8.9,1.5,19.9,7.5,61.1,0.7,1.7,2.3
2009,Mississippi State,12,25.6,12.8,22.2,57.5,144.3,0.8,46.3,227.6,4.9,1.8,68.4,371.9,5.4,6.5,11.7,0.9,19.1,5.6,49.2,1.1,1.4,2.5
2009,Duke,12,25.2,25.7,41.8,61.5,305.0,2.0,28.3,63.5,2.2,0.5,70.0,368.5,5.3,12.9,4.8,1.3,19.1,4.9,44.3,0.5,0.8,1.3
2009,Nebraska,14,25.1,15.0,26.0,57.7,175.7,1.1,36.6,147.1,4.0,1.4,62.6,322.8,5.2,7.9,7.0,1.2,16.1,7.1,63.9,0.8,0.9,1.6
2009,Boston College,13,24.8,13.6,27.0,50.4,187.0,1.6,36.3,136.9,3.8,1.3,63.3,323.9,5.1,7.8,7.0,1.6,16.5,5.0,43.5,0.6,1.4,2.0
2009,LSU,13,24.8,15.2,25.8,58.9,181.8,1.5,33.5,122.8,3.7,1.2,59.3,304.5,5.1,8.4,7.7,1.3,17.4,6.6,48.7,0.5,0.6,1.1
2009,Ohio,14,24.8,16.3,28.7,56.7,198.1,1.6,32.5,112.0,3.4,0.6,61.2,310.1,5.1,7.8,6.1,1.7,15.6,6.1,54.1,0.8,0.9,1.7
2009,UNLV,12,24.8,20.7,34.8,59.5,224.4,1.4,32.4,126.8,3.9,1.7,67.2,351.3,5.2,11.1,7.6,2.4,21.1,5.3,51.1,0.4,1.2,1.6
2009,Western Michigan,12,24.7,26.4,44.0,60.0,275.5,2.0,28.7,112.3,3.9,1.1,72.7,387.8,5.3,13.3,6.4,1.5,21.2,4.8,44.0,1.2,1.2,2.3
2009,Illinois,12,24.2,15.3,27.6,55.6,193.1,1.3,41.4,200.4,4.8,1.8,69.0,393.5,5.7,8.2,10.4,1.2,19.8,6.5,61.2,0.7,1.0,1.7
2009,Buffalo,12,24.1,19.0,33.5,56.7,241.9,1.8,36.2,163.5,4.5,1.3,69.7,405.4,5.8,11.6,8.3,2.1,22.0,5.3,54.3,0.8,1.3,2.1
2009,North Carolina,13,23.8,16.9,28.3,59.8,174.9,1.1,36.7,132.8,3.6,1.1,65.0,307.8,4.7,8.2,8.3,1.1,17.5,6.2,56.5,0.8,1.3,2.1
2009,Indiana,12,23.5,22.7,36.7,61.8,247.9,1.4,30.8,117.1,3.8,1.3,67.4,365.0,5.4,11.8,5.6,0.8,18.1,5.8,49.8,0.6,1.3,1.8
2009,San Diego State,12,23.3,20.5,37.3,54.9,263.6,2.1,27.3,78.3,2.9,0.7,64.7,341.9,5.3,12.1,4.2,1.6,17.8,5.6,47.5,0.8,1.3,2.1
2009,Iowa,13,23.2,16.4,30.2,54.3,222.1,1.5,34.9,114.2,3.3,1.0,65.1,336.3,5.2,9.0,7.2,1.6,17.8,4.4,34.4,0.6,1.5,2.2
2009,Kansas State,12,23.0,14.6,24.8,58.7,169.4,0.6,42.0,179.9,4.3,1.8,66.8,349.3,5.2,6.7,9.9,1.9,18.5,7.0,60.3,0.8,0.7,1.5
2009,Florida International,12,22.9,19.3,36.1,53.3,216.7,1.2,35.3,104.3,3.0,1.6,71.3,320.9,4.5,9.7,6.3,2.1,18.0,7.8,62.1,0.8,1.0,1.8
2009,Hawaii,13,22.8,26.1,43.8,59.6,337.0,1.9,22.5,100.5,4.5,0.9,66.2,437.5,6.6,14.5,5.7,1.3,21.5,6.0,50.2,1.2,1.3,2.5
2009,Arkansas State,12,22.7,16.0,27.5,58.2,193.6,0.8,35.7,135.3,3.8,1.8,63.2,328.8,5.2,7.6,8.4,1.3,17.3,7.6,60.1,1.0,1.0,2.0
2009,Arizona State,12,22.3,18.8,34.8,53.8,215.2,1.4,31.8,119.3,3.7,1.2,66.7,334.4,5.0,9.3,6.8,2.1,18.3,9.3,84.7,1.2,1.0,2.2
2009,Colorado,12,22.3,20.8,39.4,52.9,226.4,1.5,31.6,87.9,2.8,1.2,71.0,314.3,4.4,10.6,5.9,1.8,18.3,8.9,75.6,1.1,1.5,2.6
2009,Louisiana,12,22.2,20.0,33.8,59.1,224.8,1.2,38.3,136.9,3.6,1.6,72.2,361.8,5.0,10.0,8.5,1.5,20.0,5.5,49.2,1.3,0.7,1.9
2009,UCLA,13,22.0,18.8,33.5,56.0,222.8,0.8,32.4,114.6,3.5,0.9,65.9,337.4,5.1,10.4,5.6,1.4,17.4,6.2,54.7,0.9,0.9,1.8
2009,Marshall,13,21.8,17.9,31.1,57.7,206.4,1.1,36.2,142.7,3.9,1.4,67.3,349.1,5.2,9.7,7.4,1.7,18.8,7.2,68.7,0.7,1.0,1.7
2009,Memphis,12,21.8,20.2,33.8,59.8,214.8,1.1,36.3,158.3,4.4,1.7,70.1,373.1,5.3,8.9,10.1,1.3,20.3,6.8,57.1,0.9,1.3,2.2
2009,Colorado State,12,21.7,15.1,27.1,55.7,206.9,1.4,34.7,144.3,4.2,1.3,61.8,351.2,5.7,9.2,7.8,1.5,18.4,5.8,52.0,0.3,1.3,1.6
2009,Maryland,12,21.3,18.8,32.7,57.7,210.7,1.0,34.2,105.8,3.1,1.1,66.8,316.4,4.7,9.4,5.8,0.9,16.2,5.5,46.1,1.2,0.8,2.0
2009,Syracuse,12,21.2,19.1,29.5,64.7,203.8,1.3,35.1,126.6,3.6,1.3,64.6,330.4,5.1,10.3,6.8,1.6,18.8,6.1,51.2,1.0,1.3,2.3
2009,Minnesota,13,20.9,15.3,29.6,51.7,207.0,1.2,33.1,99.5,3.0,1.0,62.7,306.5,4.9,9.3,5.7,0.9,15.9,6.2,52.2,1.0,1.2,2.2
2009,Baylor,12,20.8,22.3,35.9,61.9,242.3,1.1,28.8,100.6,3.5,1.3,64.8,342.9,5.3,9.7,6.2,1.6,17.4,7.9,65.9,0.6,1.3,1.9
2009,South Carolina,13,20.6,18.8,33.8,55.5,226.2,1.4,33.5,121.2,3.6,0.9,67.3,347.4,5.2,10.1,7.1,1.2,18.4,6.2,53.5,0.8,0.8,1.6
2009,Iowa State,13,20.5,16.9,29.2,57.9,184.7,1.2,39.7,180.0,4.5,1.3,68.9,364.7,5.3,9.2,9.4,0.8,19.4,5.5,49.8,0.8,1.3,2.2
2009,Western Kentucky,12,20.4,15.1,26.1,57.8,147.9,0.9,37.1,172.8,4.7,1.5,63.2,320.8,5.1,6.9,9.3,1.7,17.8,7.1,56.8,1.3,1.0,2.3
2009,Akron,12,19.3,15.8,28.5,55.6,182.5,1.0,32.8,118.4,3.6,1.1,61.3,300.9,4.9,7.7,7.3,1.6,16.6,5.8,50.8,0.9,1.1,2.0
2009,Kent State,12,19.3,18.1,32.8,55.2,213.1,1.3,32.8,114.6,3.5,0.8,65.5,327.7,5.0,8.6,7.3,1.0,16.9,6.5,56.9,1.0,1.3,2.3
2009,Virginia,12,19.3,15.8,30.3,52.1,170.5,0.7,34.2,99.1,2.9,1.3,64.4,269.6,4.2,7.9,6.3,1.3,15.5,5.7,54.9,1.0,0.7,1.7
2009,Ball State,12,19.2,13.3,26.2,51.0,134.4,0.8,36.3,159.4,4.4,1.2,62.5,293.8,4.7,6.3,7.8,1.5,15.6,5.2,42.1,1.0,1.2,2.2
2009,Rice,12,18.3,20.7,37.7,54.9,195.3,1.2,33.9,109.3,3.2,1.2,71.6,304.6,4.3,8.6,7.3,2.2,18.0,5.8,47.8,0.8,1.4,2.3
2009,Wyoming,13,18.3,17.3,31.5,54.9,173.2,0.8,38.2,136.2,3.6,1.1,69.7,309.4,4.4,8.1,7.8,1.6,17.5,6.3,57.5,0.5,0.5,1.1
2009,Louisville,12,18.1,17.1,30.4,56.2,208.9,0.8,35.3,125.2,3.5,1.3,65.8,334.1,5.1,8.6,7.5,1.8,17.8,6.6,57.6,0.8,0.9,1.7
2009,Eastern Michigan,12,16.4,14.6,27.3,53.5,152.1,0.8,35.1,126.3,3.6,1.3,62.3,278.3,4.5,6.4,7.4,0.9,14.8,5.7,47.3,0.8,1.3,2.2
2009,New Mexico,12,16.3,22.3,39.2,57.0,215.1,1.1,30.1,100.3,3.3,0.7,69.3,315.3,4.6,10.7,5.4,2.0,18.1,6.6,60.3,0.9,1.3,2.2
2009,Vanderbilt,12,16.3,14.2,29.3,48.3,146.3,0.5,37.6,160.0,4.3,1.0,66.9,306.3,4.6,7.0,8.2,1.0,16.2,6.3,50.0,0.5,0.8,1.3
2009,Tulane,12,16.1,19.5,31.1,62.7,207.2,1.1,32.9,105.3,3.2,0.8,64.0,312.5,4.9,9.8,6.8,0.8,17.3,4.9,41.4,1.0,1.2,2.2
2009,Miami (OH),12,15.6,26.4,44.5,59.4,273.4,1.3,29.3,70.1,2.4,0.8,73.8,343.5,4.7,13.3,6.1,1.6,20.9,6.3,50.4,1.3,1.8,3.0
2009,Army,12,15.3,6.1,13.4,45.3,71.8,0.4,49.4,203.6,4.1,1.1,62.8,275.3,4.4,3.8,9.7,1.2,14.6,5.4,43.1,1.2,0.4,1.6
2009,San Jose State,12,13.8,20.0,33.6,59.6,207.3,1.1,29.3,76.7,2.6,0.7,62.8,284.0,4.5,9.0,4.9,2.1,16.0,6.2,46.2,0.8,1.3,2.1
2009,Washington State,12,12.0,16.3,31.0,52.4,177.9,0.9,29.5,70.7,2.4,0.4,60.5,248.6,4.1,7.3,4.3,1.8,13.3,6.7,56.8,1.3,1.3,2.6
2009,New Mexico State,13,11.5,10.2,20.7,49.4,87.8,0.5,38.7,141.5,3.7,0.8,59.4,229.3,3.9,3.7,7.8,1.2,12.6,5.2,45.9,0.8,1.4,2.2
2010,Oregon,13,47.0,19.1,30.4,62.8,244.5,2.4,48.4,286.2,5.9,3.2,78.8,530.7,6.7,10.4,14.3,1.8,26.5,7.2,61.4,1.2,0.7,1.8
2010,Boise State,13,45.1,23.0,32.6,70.5,321.1,2.9,37.4,200.2,5.4,2.6,70.0,521.3,7.4,13.8,9.6,1.7,25.1,5.7,54.7,1.0,0.5,1.5
2010,Oklahoma State,13,44.2,27.5,40.9,67.1,345.8,2.8,34.6,174.4,5.0,2.0,75.5,520.2,6.9,15.4,9.2,1.4,25.9,6.8,64.9,0.6,1.1,1.7
2010,TCU,13,41.6,16.8,25.5,65.9,229.5,2.2,46.2,247.4,5.4,3.2,71.6,476.8,6.7,10.1,14.2,0.8,25.2,5.2,41.7,0.5,0.5,1.0
2010,Wisconsin,13,41.5,15.5,21.2,73.2,199.5,1.3,44.9,245.7,5.5,3.7,66.2,445.2,6.7,9.9,13.1,0.9,23.9,3.2,30.7,0.2,0.5,0.7
2010,Tulsa,13,41.4,21.5,36.1,59.7,288.7,2.5,41.3,216.9,5.3,2.5,77.4,505.6,6.5,13.3,11.2,1.2,25.6,4.4,41.8,0.6,0.8,1.5
2010,Auburn,14,41.2,13.9,21.1,65.5,214.4,2.2,46.6,284.8,6.1,2.9,67.7,499.2,7.4,9.0,14.4,1.1,24.6,5.6,53.2,0.7,0.5,1.2
2010,Nevada,14,41.0,17.2,26.8,64.3,226.9,1.6,47.8,292.2,6.1,3.7,74.6,519.1,7.0,10.8,14.6,1.0,26.4,5.2,50.9,0.7,0.6,1.4
2010,Stanford,13,40.3,20.5,29.2,70.2,258.7,2.5,41.2,213.8,5.2,2.6,70.3,472.5,6.7,11.9,10.9,1.5,24.3,5.0,44.7,0.7,0.6,1.3
2010,Hawaii,14,39.6,28.1,44.1,63.8,394.3,3.0,22.0,106.4,4.8,1.8,66.1,500.6,7.6,16.7,5.7,1.4,23.9,6.4,55.4,0.6,1.2,1.9
2010,Ohio State,13,38.8,17.5,26.8,65.3,228.5,2.3,42.1,220.1,5.2,2.1,68.9,448.6,6.5,10.0,11.2,1.0,22.2,4.8,44.6,0.2,1.0,1.2
2010,Northern Illinois,14,38.0,14.9,23.5,63.2,189.6,1.6,41.5,260.4,6.3,3.0,65.0,450.0,6.9,9.4,11.0,1.2,21.6,4.5,41.9,0.4,0.6,1.0
2010,Houston,12,37.7,24.8,40.3,61.6,327.3,2.8,34.2,153.3,4.5,1.7,74.5,480.5,6.4,15.1,8.6,1.9,25.6,5.1,40.9,0.6,1.7,2.3
2010,Oklahoma,14,37.2,29.6,45.2,65.4,343.4,2.7,41.3,138.0,3.3,1.6,86.5,481.4,5.6,15.5,9.3,1.7,26.5,5.1,42.3,0.4,0.9,1.3
2010,East Carolina,13,36.8,31.4,48.6,64.6,318.7,3.0,27.5,118.9,4.3,1.6,76.2,437.6,5.7,14.6,6.8,2.2,23.6,7.9,67.6,1.0,1.2,2.2
2010,Southern Mississippi,13,36.8,22.6,36.2,62.4,252.5,1.8,43.0,200.8,4.7,2.2,79.2,453.4,5.7,12.2,10.3,1.8,24.2,7.5,71.2,0.7,0.6,1.3
2010,Arkansas,13,36.5,23.2,35.8,64.7,333.7,2.8,32.4,148.8,4.6,1.7,68.2,482.5,7.1,13.3,8.1,1.0,22.4,7.9,63.9,0.7,1.2,1.8
2010,Alabama,13,35.7,19.5,27.8,69.9,261.2,1.8,35.9,182.9,5.1,2.3,63.8,444.1,7.0,11.6,9.7,0.8,22.1,5.1,37.7,0.7,0.4,1.1
2010,San Diego State,13,35.0,18.8,32.8,57.3,295.4,2.2,33.8,161.3,4.8,2.2,66.5,456.7,6.9,11.8,7.1,1.4,20.3,5.9,51.7,0.6,1.1,1.7
2010,Troy,13,34.1,26.2,40.6,64.4,296.8,2.5,36.1,156.6,4.3,1.6,76.7,453.5,5.9,12.6,8.7,2.0,23.3,8.5,73.6,1.2,1.2,2.3
2010,Virginia Tech,14,33.9,14.3,24.5,58.3,203.6,1.7,40.7,198.7,4.9,2.1,65.2,402.3,6.2,9.0,10.1,1.5,20.6,4.8,41.6,0.6,0.4,0.9
2010,Kansas State,13,33.6,14.5,22.5,64.5,179.3,1.2,42.6,199.5,4.7,3.1,65.2,378.8,5.8,7.8,9.8,1.7,19.2,4.9,43.7,0.8,0.6,1.4
2010,Texas Tech,13,33.1,31.2,47.5,65.8,318.9,3.0,33.6,141.3,4.2,1.3,81.1,460.2,5.7,15.1,8.2,1.6,24.8,6.0,60.1,1.2,0.8,2.0
2010,Utah,13,33.1,19.1,30.6,62.3,236.1,1.8,32.9,152.9,4.6,2.1,63.5,389.0,6.1,9.6,8.0,1.1,18.7,5.8,51.2,1.1,0.9,2.0
2010,Michigan,13,32.8,18.7,29.6,63.1,250.2,1.8,42.8,238.5,5.6,2.7,72.4,488.7,6.8,10.5,11.5,0.9,23.0,4.6,45.9,1.1,1.2,2.2
2010,Illinois,13,32.5,12.7,21.8,58.1,151.0,1.4,47.6,246.1,5.2,2.2,69.5,397.1,5.7,7.4,11.6,1.6,20.6,6.1,54.8,0.5,0.9,1.5
2010,Arizona State,12,32.3,23.3,38.7,60.1,286.4,1.9,34.4,139.3,4.0,1.6,73.1,425.7,5.8,12.7,7.1,1.5,21.3,8.0,69.6,0.5,1.4,1.9
2010,Western Michigan,12,32.3,24.8,39.6,62.7,285.8,2.5,32.1,125.9,3.9,1.5,71.7,411.7,5.7,12.4,7.0,1.3,20.8,5.8,53.1,1.3,1.0,2.3
2010,Maryland,13,32.2,16.8,29.9,56.3,214.7,2.1,33.3,138.2,4.1,1.6,63.2,352.8,5.6,8.8,6.7,1.8,17.4,7.8,68.5,0.3,0.8,1.1
2010,Georgia,13,32.1,16.8,27.6,60.7,242.4,1.9,35.0,142.6,4.1,1.6,62.6,385.0,6.1,10.1,8.0,0.8,18.8,5.2,41.9,0.6,0.6,1.2
2010,UCF,14,32.1,13.6,21.1,64.5,186.4,1.1,43.0,187.6,4.4,2.6,64.1,374.0,5.8,8.9,10.8,1.0,20.7,5.1,40.4,0.6,0.8,1.4
2010,North Carolina State,13,31.8,24.5,41.9,58.5,281.2,2.2,35.5,123.3,3.5,1.3,77.4,404.5,5.2,13.6,7.5,2.2,23.3,5.0,36.4,0.6,1.1,1.7
2010,Florida State,14,31.4,17.9,28.4,63.0,209.9,1.7,35.7,171.4,4.8,1.9,64.1,381.3,6.0,9.6,8.6,1.4,19.6,6.3,57.7,0.7,0.9,1.6
2010,Baylor,13,31.2,24.1,36.2,66.5,280.7,1.8,36.0,194.6,5.4,1.9,72.2,475.3,6.6,12.1,10.3,1.4,23.8,8.3,77.5,0.9,0.6,1.5
2010,Kentucky,13,31.2,22.9,35.2,65.1,269.3,2.0,34.8,158.5,4.6,2.0,70.0,427.8,6.1,12.5,8.2,1.6,22.2,5.5,45.9,0.8,0.7,1.5
2010,Texas A&M,13,31.2,23.9,39.6,60.4,276.8,2.2,39.9,165.0,4.1,1.5,79.5,441.8,5.6,12.5,9.5,1.8,23.8,7.8,62.5,1.2,1.2,2.3
2010,USC,13,31.0,21.5,34.8,61.6,242.2,2.2,36.7,189.3,5.2,1.5,71.5,431.5,6.0,11.5,10.1,1.8,23.3,7.1,60.9,0.7,1.0,1.7
2010,Nebraska,14,30.9,11.6,20.1,57.8,150.6,1.1,45.3,247.6,5.5,2.3,65.4,398.1,6.1,6.8,10.6,0.7,18.1,7.8,70.9,1.1,0.6,1.7
2010,South Carolina,14,30.9,18.0,27.8,64.8,238.4,1.6,37.3,154.4,4.1,1.9,65.1,392.8,6.0,10.1,9.3,1.1,20.6,5.3,41.6,0.6,1.2,1.9
2010,Air Force,13,30.8,6.8,12.9,52.4,119.3,0.9,57.5,306.5,5.3,3.2,70.5,425.8,6.0,4.8,16.4,0.7,21.8,4.5,40.5,0.8,0.5,1.3
2010,Ole Miss,12,30.6,15.4,27.5,56.1,192.3,1.4,41.3,207.6,5.0,2.3,68.8,399.8,5.8,8.5,9.2,1.0,18.7,5.7,51.1,0.8,1.2,2.0
2010,Arkansas State,12,30.0,22.0,36.3,60.6,254.3,1.9,35.0,149.1,4.3,1.9,71.3,403.4,5.7,10.9,9.0,1.9,21.8,7.0,59.5,1.0,1.0,2.0
2010,Florida,13,29.8,17.7,29.3,60.4,184.3,0.9,38.8,166.5,4.3,2.4,68.1,350.8,5.2,9.4,8.3,1.3,19.0,7.8,57.3,1.2,0.9,2.1
2010,Missouri,13,29.8,24.0,37.7,63.7,253.2,1.3,33.8,156.4,4.6,2.2,71.5,409.6,5.7,12.5,8.3,1.3,22.1,6.1,57.5,0.6,0.8,1.4
2010,LSU,13,29.7,13.3,23.2,57.5,155.6,0.8,41.4,185.7,4.5,2.2,64.5,341.3,5.3,6.5,10.2,0.9,17.5,5.9,46.4,1.0,0.8,1.8
2010,Navy,13,29.7,6.5,12.1,53.5,120.0,1.0,53.2,284.8,5.3,2.8,65.3,404.8,6.2,4.7,14.5,1.3,20.5,3.4,27.6,0.8,0.5,1.2
2010,Michigan State,13,29.5,18.8,28.7,65.4,236.4,1.8,34.2,152.2,4.5,1.9,62.8,388.5,6.2,11.2,7.2,1.0,19.4,6.7,58.0,0.7,0.8,1.5
2010,Fresno State,13,29.0,17.5,28.0,62.6,220.0,1.8,38.0,150.6,4.0,1.5,66.0,370.6,5.6,10.0,8.0,1.3,19.3,5.6,49.4,1.2,0.7,1.8
2010,Mississippi State,13,29.0,12.9,22.2,58.3,186.5,1.4,47.6,214.8,4.5,2.2,69.8,401.3,5.8,8.5,11.1,1.0,20.6,5.2,43.0,0.6,1.0,1.6
2010,Iowa,13,28.9,17.4,27.5,63.3,234.5,2.0,34.5,148.4,4.3,1.2,62.0,382.9,6.2,10.2,8.4,1.5,20.1,4.9,37.4,0.4,0.5,0.8
2010,Florida International,13,28.8,18.0,29.5,60.9,207.5,1.2,40.2,187.5,4.7,2.0,69.7,395.1,5.7,8.5,9.4,1.3,19.2,8.2,73.3,0.5,1.1,1.6
2010,Rice,12,28.7,18.2,30.0,60.6,215.9,1.7,41.2,159.4,3.9,2.0,71.2,375.3,5.3,9.4,9.1,1.2,19.7,5.2,44.1,0.8,1.0,1.8
2010,Arizona,13,28.2,27.5,40.3,68.1,307.7,1.9,33.5,131.7,3.9,1.5,73.8,439.4,6.0,14.7,7.2,1.8,23.7,7.1,52.5,0.8,0.9,1.7
2010,Toledo,13,27.9,17.5,28.1,62.5,198.0,1.8,38.1,167.4,4.4,1.7,66.2,365.4,5.5,8.4,8.0,1.5,17.8,7.8,64.2,0.7,1.1,1.8
2010,Ohio,13,27.5,12.2,20.9,58.5,162.3,1.5,38.2,163.8,4.3,1.9,59.1,326.1,5.5,6.8,9.2,1.0,17.0,5.7,48.3,0.9,1.5,2.5
2010,Indiana,12,27.2,25.9,42.8,60.6,287.2,2.1,29.0,100.3,3.5,1.1,71.8,387.5,5.4,13.9,5.8,2.0,21.7,4.3,39.7,0.7,1.0,1.7
2010,Cincinnati,12,27.1,20.9,36.3,57.7,260.7,2.3,33.5,156.7,4.7,1.3,69.8,417.3,6.0,10.8,8.9,2.2,21.9,6.8,63.4,1.2,1.3,2.4
2010,Tennessee,13,27.0,18.3,32.2,56.8,254.5,2.0,31.4,109.2,3.5,1.1,63.6,363.8,5.7,10.1,5.9,1.8,17.8,5.8,44.1,0.7,1.2,1.8
2010,Louisiana Tech,12,26.8,21.7,35.4,61.2,218.9,1.3,38.8,170.9,4.4,1.8,74.2,389.8,5.3,10.3,9.3,1.3,20.9,4.9,43.9,1.1,1.3,2.3
2010,Army,13,26.6,5.5,10.6,52.2,78.1,0.5,56.0,251.6,4.5,2.6,66.6,329.7,4.9,4.1,13.8,0.5,18.4,4.2,40.9,0.8,0.2,1.1
2010,Idaho,13,26.6,24.1,42.2,57.0,298.6,2.1,28.7,88.2,3.1,0.9,70.9,386.8,5.5,13.2,5.0,1.8,20.0,6.8,67.4,0.8,1.3,2.2
2010,Middle Tennessee State,13,26.5,17.4,29.5,58.9,191.2,0.7,40.4,180.8,4.5,2.5,69.9,371.9,5.3,7.9,9.6,1.1,18.6,6.2,55.8,1.1,1.8,2.9
2010,Connecticut,13,26.4,14.5,27.5,52.7,151.1,0.8,38.5,174.7,4.5,1.5,66.0,325.8,4.9,7.3,8.2,0.7,16.2,4.8,40.2,0.8,0.7,1.5
2010,Louisville,13,26.4,16.7,27.9,59.8,194.0,1.7,36.3,175.0,4.8,1.3,64.2,369.0,5.7,9.1,8.5,1.2,18.8,7.9,63.8,0.6,0.6,1.2
2010,Northwestern,13,26.4,20.2,29.6,68.3,235.2,1.3,42.8,155.9,3.6,1.7,72.5,391.1,5.4,10.3,10.1,1.5,21.8,6.3,56.6,1.0,0.8,1.8
2010,Miami (FL),13,26.3,18.5,34.1,54.2,238.8,1.6,38.0,182.5,4.8,1.5,72.1,421.3,5.8,11.4,9.4,1.4,22.2,8.2,68.7,0.7,2.1,2.8
2010,Notre Dame,13,26.3,21.9,37.0,59.3,253.1,2.2,31.8,126.6,4.0,0.8,68.8,379.7,5.5,11.7,6.8,1.5,20.1,4.5,40.8,0.6,1.2,1.8
2010,Pitt,13,26.3,17.7,27.7,63.9,201.2,1.2,36.2,165.7,4.6,1.8,63.8,366.9,5.7,9.2,7.8,1.3,18.4,6.7,54.8,0.8,0.8,1.7
2010,UAB,12,26.3,21.2,38.8,54.6,267.0,2.3,34.8,155.8,4.5,1.2,73.5,422.8,5.8,11.8,8.2,1.4,21.3,5.3,50.8,0.8,1.2,2.0
2010,Brigham Young,13,26.2,18.7,32.9,56.8,198.4,1.3,39.8,168.1,4.2,1.8,72.8,366.5,5.0,10.5,9.1,2.2,21.8,5.4,44.8,0.8,0.8,1.6
2010,Georgia Tech,13,26.0,4.9,12.9,38.1,83.9,0.7,57.9,323.3,5.6,2.4,70.8,407.2,5.7,3.2,15.8,1.3,20.4,6.2,53.0,1.5,0.5,2.1
2010,UTEP,13,26.0,17.5,33.2,52.8,223.3,1.8,31.7,137.1,4.3,1.4,64.9,360.4,5.6,10.8,7.4,2.2,20.4,5.9,51.4,0.5,1.1,1.6
2010,California,12,25.8,15.4,27.7,55.7,175.1,1.3,35.7,158.9,4.5,1.6,63.3,334.0,5.3,7.1,9.2,1.6,17.8,6.7,57.1,0.5,0.9,1.4
2010,SMU,14,25.7,21.7,36.9,58.9,275.8,2.2,28.9,138.8,4.8,1.0,65.7,414.6,6.3,13.0,6.9,0.8,20.7,5.4,51.0,0.9,1.0,1.9
2010,Duke,12,25.3,24.6,40.8,60.3,271.3,1.2,31.9,110.0,3.4,1.6,72.7,381.3,5.2,12.8,6.1,1.1,19.9,4.6,40.6,0.8,1.6,2.3
2010,North Carolina,13,25.3,21.8,32.7,66.6,264.0,1.5,33.8,125.7,3.7,1.4,66.5,389.7,5.9,10.1,7.5,1.3,18.9,7.6,58.2,1.1,0.7,1.8
2010,Virginia,12,25.3,21.8,36.9,59.1,265.5,1.7,34.9,139.3,4.0,1.4,71.8,404.8,5.6,12.1,7.7,1.5,21.3,8.2,73.3,0.5,1.4,1.9
2010,West Virginia,13,25.2,18.8,29.4,64.1,213.0,1.8,40.5,159.7,3.9,1.4,69.8,372.7,5.3,8.5,9.7,1.8,20.0,4.8,40.6,1.5,0.6,2.2
2010,Temple,12,25.0,14.1,24.8,56.9,183.8,1.3,35.8,150.3,4.2,1.7,60.6,334.1,5.5,7.3,8.2,1.3,16.8,5.9,46.1,1.1,1.1,2.2
2010,Tulane,12,24.9,22.3,38.8,57.6,245.8,1.6,36.2,127.5,3.5,1.4,74.9,373.3,5.0,11.5,8.1,1.8,21.3,5.1,36.5,1.1,1.0,2.1
2010,Penn State,13,24.5,18.2,32.7,55.5,229.7,1.5,34.5,142.5,4.1,1.2,67.2,372.2,5.5,10.5,7.7,1.1,19.2,4.1,30.9,0.3,1.3,1.6
2010,Central Michigan,12,24.4,24.0,39.8,60.4,284.0,1.4,31.9,105.8,3.3,1.5,71.7,389.8,5.4,12.8,6.9,2.3,22.0,5.7,51.6,0.9,1.5,2.4
2010,Oregon State,12,24.4,18.4,31.3,58.9,206.9,1.6,32.0,119.6,3.7,1.5,63.3,326.5,5.2,10.5,6.3,1.7,18.5,6.1,56.3,0.3,1.0,1.3
2010,Colorado,12,24.2,19.8,33.1,59.7,222.7,1.8,37.5,137.0,3.7,1.3,70.6,359.7,5.1,10.3,7.7,1.8,19.8,6.6,50.3,0.7,0.9,1.6
2010,South Florida,13,24.1,14.2,24.8,57.3,164.5,1.0,37.5,144.8,3.9,1.5,62.3,309.4,5.0,6.7,7.8,2.1,16.5,5.7,46.1,0.5,1.2,1.7
2010,Clemson,13,24.0,17.7,31.5,56.2,195.6,1.3,35.2,139.0,4.0,1.5,66.6,334.6,5.0,9.2,6.8,1.9,18.0,6.0,55.2,0.7,1.1,1.8
2010,North Texas,12,23.9,15.2,26.3,57.6,173.1,1.3,40.8,202.2,5.0,1.4,67.1,375.3,5.6,7.4,10.2,1.1,18.7,7.1,51.5,0.8,0.8,1.5
2010,Texas,12,23.8,21.8,37.1,58.9,232.0,0.8,36.1,150.5,4.2,1.6,73.2,382.5,5.2,9.8,8.6,1.8,20.2,6.3,55.3,1.1,1.4,2.5
2010,Minnesota,12,23.2,17.4,31.5,55.3,226.1,1.8,37.3,135.3,3.6,1.2,68.8,361.3,5.3,9.8,7.8,2.3,19.9,5.6,43.1,0.7,0.8,1.4
2010,Wake Forest,12,22.8,13.8,25.2,55.0,143.8,0.8,38.3,158.5,4.1,1.9,63.5,302.3,4.8,5.3,9.3,1.3,15.8,4.9,45.3,0.6,0.8,1.4
2010,Western Kentucky,12,22.8,12.6,24.6,51.2,143.5,0.9,41.7,175.5,4.2,1.8,66.3,319.0,4.8,7.6,8.9,1.4,17.9,6.3,47.2,0.7,0.5,1.2
2010,Louisiana,12,22.3,19.1,36.3,52.5,250.0,1.5,34.5,100.6,2.9,1.2,70.8,350.6,4.9,10.0,6.2,1.3,17.5,5.7,40.9,0.8,1.3,2.1
2010,Syracuse,13,22.2,15.8,28.0,56.3,182.7,1.5,34.5,140.2,4.1,1.1,62.5,322.8,5.2,8.3,7.8,1.2,17.3,7.2,59.3,1.0,0.6,1.6
2010,Ball State,12,22.0,13.8,25.8,53.7,153.6,1.5,37.1,152.3,4.1,0.9,62.8,305.8,4.9,7.3,7.8,1.3,16.3,5.7,49.5,1.3,1.3,2.6
2010,Utah State,12,22.0,14.3,27.0,53.1,178.7,0.7,44.0,168.7,3.8,2.0,71.0,347.3,4.9,7.8,9.6,1.8,19.2,6.6,58.2,0.6,1.2,1.8
2010,Washington,13,21.8,15.8,28.9,54.5,190.4,1.5,37.0,172.2,4.7,1.2,65.9,362.5,5.5,8.3,8.5,1.6,18.5,6.4,56.2,0.6,0.7,1.3
2010,Iowa State,12,21.7,17.6,31.1,56.6,174.3,1.2,37.9,143.2,3.8,1.3,69.0,317.4,4.6,8.8,7.9,1.7,18.3,5.9,51.3,0.6,0.8,1.4
2010,Miami (OH),14,21.6,23.1,35.9,64.2,253.7,1.4,31.3,98.3,3.1,1.0,67.2,352.0,5.2,11.4,6.6,1.0,19.0,5.6,45.8,0.6,1.1,1.7
2010,Bowling Green State,12,21.3,22.2,38.3,58.0,231.6,1.0,30.1,62.8,2.1,1.3,68.3,294.4,4.3,10.3,5.5,1.7,17.4,6.0,53.3,1.0,1.7,2.7
2010,Kent State,12,21.3,19.0,32.5,58.5,200.8,0.9,31.9,113.6,3.6,1.3,64.4,314.3,4.9,8.8,6.9,1.0,16.8,6.2,55.8,1.1,1.2,2.3
2010,Louisiana-Monroe,12,20.8,20.6,33.4,61.6,226.7,1.5,39.4,120.3,3.1,1.1,72.8,347.0,4.8,10.7,7.0,0.9,18.6,8.0,65.8,0.9,1.2,2.1
2010,Marshall,12,20.8,19.6,35.1,55.8,217.1,1.8,28.8,97.2,3.4,0.6,63.8,314.3,4.9,9.2,5.2,2.2,16.5,6.6,54.8,0.7,1.3,1.9
2010,Rutgers,12,20.8,14.7,27.0,54.3,194.0,1.3,37.1,100.9,2.7,0.9,64.1,294.9,4.6,8.5,5.8,1.3,15.5,7.0,50.4,0.4,0.8,1.3
2010,UCLA,12,20.2,13.5,26.5,50.9,141.1,0.8,40.3,175.6,4.4,1.7,66.8,316.7,4.7,7.1,9.6,1.8,18.4,6.7,60.4,1.3,1.2,2.4
2010,Purdue,12,19.7,16.4,29.5,55.6,150.8,1.1,36.8,160.8,4.4,1.0,66.3,311.6,4.7,6.8,8.0,1.0,15.8,6.4,57.0,0.8,1.4,2.3
2010,Washington State,12,19.6,18.9,32.0,59.1,239.2,1.6,34.8,91.0,2.6,0.9,66.8,330.2,4.9,10.2,5.8,1.7,17.7,6.3,59.5,0.9,1.0,1.9
2010,Wyoming,12,19.2,14.5,24.1,60.2,166.0,1.0,33.5,119.5,3.6,1.4,57.6,285.5,5.0,6.4,6.3,1.8,14.4,5.4,46.8,0.8,0.8,1.5
2010,Eastern Michigan,12,19.0,12.5,23.5,53.2,160.1,1.2,42.6,173.3,4.1,1.4,66.1,333.4,5.0,6.8,8.5,1.7,17.0,5.6,53.3,0.8,1.2,2.0
2010,Boston College,13,18.5,13.8,27.0,51.3,171.2,1.0,35.7,127.9,3.6,0.8,62.7,299.1,4.8,7.3,6.1,1.6,15.0,5.7,50.8,0.5,1.5,1.9
2010,UNLV,13,18.4,14.7,27.1,54.3,170.9,1.4,34.8,103.3,3.0,0.7,61.9,274.2,4.4,7.5,6.3,1.9,15.7,5.9,59.0,0.5,0.9,1.5
2010,Kansas,12,17.1,16.9,29.4,57.5,161.8,0.9,39.2,134.6,3.4,1.1,68.6,296.4,4.3,7.8,7.8,2.6,18.3,6.0,56.8,0.5,1.2,1.7
2010,Vanderbilt,12,16.9,14.1,30.0,46.9,159.4,0.9,35.1,138.8,4.0,1.1,65.1,298.3,4.6,6.8,7.3,0.9,15.0,5.6,44.7,0.7,0.9,1.6
2010,Florida Atlantic,12,16.8,16.1,28.5,56.4,208.3,1.4,33.3,94.3,2.8,0.7,61.8,302.6,4.9,8.6,5.9,1.3,15.8,7.3,57.9,1.0,1.2,2.2
2010,Colorado State,12,16.5,21.1,32.8,64.4,221.8,0.9,32.7,113.0,3.5,0.8,65.4,334.8,5.1,10.1,7.0,1.0,18.1,4.5,40.5,0.8,1.1,1.8
2010,San Jose State,13,16.1,19.5,33.5,58.3,236.5,1.3,27.1,78.5,2.9,0.5,60.6,315.1,5.2,10.2,4.2,1.2,15.6,6.5,50.6,0.6,1.3,1.9
2010,New Mexico,12,15.8,16.0,30.4,52.6,157.7,0.9,36.7,108.0,2.9,0.8,67.1,265.7,4.0,6.8,7.2,1.8,15.7,6.6,58.4,1.3,1.3,2.6
2010,New Mexico State,12,15.7,15.4,31.3,49.2,167.4,0.8,37.4,129.1,3.4,0.7,68.8,296.5,4.3,7.9,7.4,1.7,17.0,6.2,61.8,0.8,0.8,1.5
2010,Akron,12,15.6,14.5,29.1,49.9,155.1,1.0,32.8,113.4,3.5,0.8,61.8,268.5,4.3,7.7,5.3,1.7,14.7,5.5,46.8,0.7,1.2,1.8
2010,Memphis,12,14.4,15.6,27.9,55.8,193.4,1.2,31.9,91.6,2.9,0.4,59.8,285.0,4.8,7.8,5.5,1.0,14.3,6.3,48.7,1.1,1.1,2.2
2010,Buffalo,12,14.2,15.4,34.2,45.1,184.3,1.4,36.7,113.4,3.1,0.3,70.8,297.7,4.2,9.1,6.3,1.8,17.2,5.1,48.8,0.8,1.9,2.8
2011,Houston,14,49.3,34.2,48.7,70.2,450.1,3.9,30.0,149.0,5.0,2.4,78.7,599.1,7.6,18.4,8.2,1.4,28.1,6.1,49.9,0.6,0.4,1.1
2011,Oklahoma State,13,48.7,32.9,45.8,71.9,387.2,3.1,30.2,158.6,5.3,2.8,75.9,545.8,7.2,17.1,7.6,1.2,25.9,5.5,50.5,0.8,1.0,1.8
2011,Oregon,14,46.1,16.9,27.6,61.1,223.6,2.8,44.9,299.2,6.7,3.0,72.5,522.8,7.2,9.4,13.4,1.4,24.2,7.2,65.0,0.9,0.5,1.4
2011,Baylor,13,45.3,23.6,32.6,72.4,351.5,3.1,44.3,235.6,5.3,2.8,76.9,587.1,7.6,13.5,13.5,2.0,29.0,7.1,64.5,1.4,0.5,1.8
2011,Boise State,13,44.2,27.1,36.7,73.8,309.4,3.5,37.8,171.9,4.5,2.4,74.5,481.3,6.5,15.5,8.3,1.8,25.7,5.3,47.2,0.6,0.8,1.4
2011,Wisconsin,14,44.1,16.6,23.4,71.0,234.3,2.4,43.5,235.6,5.4,3.4,66.9,469.9,7.0,10.3,11.7,1.3,23.3,4.8,38.9,0.4,0.4,0.7
2011,Stanford,13,43.2,22.8,32.1,71.2,278.7,2.9,39.8,210.6,5.3,2.5,71.9,489.3,6.8,13.2,10.1,1.7,25.0,6.2,55.2,0.5,0.8,1.3
2011,Toledo,13,42.2,22.4,32.7,68.5,267.7,2.6,42.7,213.6,5.0,2.5,75.4,481.3,6.4,11.7,10.9,1.2,23.8,7.3,63.2,0.5,0.5,1.1
2011,TCU,13,40.8,17.8,26.9,66.0,231.6,1.9,40.9,208.6,5.1,2.9,67.8,440.2,6.5,9.8,10.3,1.6,21.7,5.5,52.8,1.1,0.5,1.6
2011,Oklahoma,13,39.5,28.1,44.8,62.6,349.4,2.2,36.1,162.9,4.5,2.3,80.9,512.3,6.3,15.8,9.0,1.1,25.9,4.9,45.5,1.0,1.2,2.2
2011,Texas A&M,13,39.1,25.5,41.3,61.6,291.1,2.2,39.0,199.2,5.1,2.2,80.3,490.2,6.1,14.5,10.3,1.7,26.5,7.0,65.8,0.7,1.2,1.8
2011,Northern Illinois,14,38.3,18.1,29.1,62.0,241.9,2.1,42.5,234.1,5.5,2.4,71.6,476.0,6.6,10.6,11.3,1.9,23.8,5.5,53.4,0.9,0.4,1.4
2011,West Virginia,13,37.6,27.2,41.7,65.1,346.8,2.5,32.1,122.7,3.8,1.9,73.8,469.5,6.4,14.4,7.0,1.8,23.2,6.2,53.6,1.0,0.7,1.7
2011,Southern Mississippi,14,36.9,20.9,34.9,59.7,256.2,2.3,39.5,205.1,5.2,1.2,74.4,461.4,6.2,10.6,10.9,1.9,23.4,7.8,63.9,1.3,0.9,2.1
2011,Arkansas,13,36.8,23.0,36.2,63.5,300.7,2.0,31.7,137.4,4.3,1.9,67.9,438.1,6.4,12.8,7.2,1.5,21.5,6.2,45.6,1.0,0.5,1.5
2011,USC,12,35.8,25.8,37.3,69.1,294.2,3.3,32.7,162.6,5.0,1.0,69.9,456.8,6.5,12.9,9.3,2.4,24.6,5.9,50.0,0.9,0.6,1.5
2011,LSU,14,35.7,12.4,19.9,62.0,152.5,1.5,42.2,202.6,4.8,2.5,62.1,355.1,5.7,6.9,10.4,1.9,19.2,6.1,49.0,0.4,0.4,0.7
2011,Western Michigan,13,35.3,28.4,42.6,66.6,337.3,3.1,30.1,121.2,4.0,1.3,72.7,458.5,6.3,15.7,6.6,2.3,24.6,7.1,56.2,1.4,1.2,2.6
2011,Air Force,13,34.9,9.5,15.7,60.3,140.1,1.2,55.6,314.8,5.7,3.3,71.3,454.8,6.4,6.0,15.7,1.5,23.2,4.7,43.2,1.4,0.6,2.0
2011,Alabama,13,34.8,18.2,27.5,66.4,215.2,1.2,39.1,214.5,5.5,2.6,66.5,429.6,6.5,10.4,10.3,0.8,21.5,3.8,31.5,0.3,0.6,0.9
2011,Georgia Tech,13,34.3,6.3,12.8,49.1,142.3,0.8,55.2,316.5,5.7,3.5,68.1,458.8,6.7,4.2,15.4,0.8,20.4,4.5,36.9,0.8,0.6,1.5
2011,Texas Tech,12,33.8,34.1,50.0,68.2,345.4,2.6,32.6,125.2,3.8,1.7,82.6,470.6,5.7,16.0,8.6,1.6,26.2,7.7,64.8,0.7,0.8,1.5
2011,Clemson,14,33.6,22.2,37.5,59.2,282.3,2.4,37.9,158.5,4.2,1.6,75.4,440.8,5.8,13.0,8.2,1.3,22.5,4.4,40.1,0.9,0.9,1.7
2011,Utah State,13,33.6,14.3,22.3,64.1,174.6,1.8,47.9,282.7,5.9,2.8,70.2,457.3,6.5,7.5,12.5,1.0,21.0,6.3,60.2,1.4,0.5,1.8
2011,Washington,13,33.4,20.5,31.2,65.8,255.5,2.8,34.8,154.3,4.4,1.5,66.0,409.8,6.2,11.4,7.9,1.8,21.1,6.0,59.5,0.7,1.0,1.7
2011,Cincinnati,13,33.3,17.2,30.2,56.9,207.2,1.5,38.5,178.5,4.6,2.2,68.6,385.7,5.6,8.8,9.0,1.8,19.6,5.2,46.7,0.5,1.1,1.6
2011,Michigan,13,33.3,11.9,21.8,54.6,182.8,1.7,43.1,221.8,5.2,2.4,64.9,404.7,6.2,7.5,11.4,1.9,20.8,4.1,35.2,0.5,1.2,1.7
2011,Arizona State,13,33.2,25.6,40.5,63.2,316.7,2.1,32.5,129.1,4.0,1.8,73.1,445.8,6.1,14.2,7.1,2.5,23.8,8.0,79.8,0.8,1.0,1.8
2011,Tulsa,13,33.1,19.7,32.4,60.8,248.7,2.4,40.1,191.7,4.8,1.5,72.5,440.4,6.1,11.2,9.5,1.3,22.1,4.0,35.8,1.3,1.3,2.6
2011,Missouri,13,32.8,18.7,29.5,63.4,231.5,1.8,45.3,244.0,5.4,2.3,74.8,475.5,6.4,9.7,13.5,1.2,24.3,5.4,45.6,0.6,0.8,1.5
2011,Arkansas State,13,32.5,25.1,38.5,65.2,293.6,1.6,39.7,154.2,3.9,1.9,78.2,447.8,5.7,13.0,9.2,1.2,23.4,6.9,60.4,0.8,1.2,2.1
2011,Louisiana,13,32.3,20.5,33.6,60.9,269.5,1.9,35.1,125.2,3.6,1.5,68.7,394.6,5.7,10.9,6.3,1.7,18.9,7.6,66.1,1.0,0.8,1.8
2011,Georgia,14,32.0,18.4,31.0,59.2,244.5,2.6,41.6,164.0,3.9,1.1,72.6,408.5,5.6,11.1,8.6,1.4,21.1,6.1,47.4,0.8,1.0,1.8
2011,Kansas State,13,31.8,12.8,22.3,57.6,151.5,1.0,46.6,185.5,4.0,2.6,68.9,337.0,4.9,6.9,10.6,2.1,19.6,4.7,35.8,0.7,0.5,1.2
2011,Nevada,13,31.7,20.8,31.5,66.0,259.2,1.5,48.3,247.5,5.1,2.2,79.8,506.7,6.4,12.0,13.0,1.5,26.5,6.9,56.5,1.0,0.9,1.9
2011,Hawaii,13,31.5,27.6,46.0,60.0,308.8,2.2,23.2,95.4,4.1,1.7,69.2,404.2,5.8,15.2,5.2,2.2,22.5,6.1,45.9,1.2,0.8,2.0
2011,Michigan State,14,31.0,20.6,32.2,63.9,252.5,1.9,34.9,137.9,3.9,1.5,67.1,390.4,5.8,11.4,7.1,1.0,19.4,6.8,55.4,0.6,0.7,1.3
2011,Arizona,12,30.8,33.2,48.1,69.0,370.8,2.4,27.6,94.5,3.4,1.4,75.7,465.3,6.1,16.9,6.5,2.3,25.8,7.9,65.5,0.5,1.3,1.8
2011,Florida State,13,30.6,19.0,29.5,64.5,257.0,1.9,33.6,112.2,3.3,1.5,63.1,369.2,5.9,10.3,7.1,1.5,18.9,7.9,67.3,0.5,0.9,1.5
2011,Temple,13,30.6,8.9,15.2,58.6,126.8,0.8,48.9,256.5,5.2,2.9,64.2,383.3,6.0,5.8,11.7,1.3,18.8,5.2,43.1,0.6,0.3,0.9
2011,Ohio,14,30.5,19.6,30.5,64.2,249.0,2.1,42.6,200.3,4.7,1.3,73.1,449.3,6.1,10.9,11.2,1.4,23.4,6.1,59.4,1.1,0.8,1.9
2011,Brigham Young,13,30.1,20.2,35.7,56.5,245.4,2.2,38.0,160.3,4.2,1.2,73.7,405.7,5.5,12.2,9.5,1.8,23.5,5.8,50.2,0.9,1.2,2.1
2011,Louisiana Tech,13,30.1,21.4,36.8,58.2,248.4,1.6,39.2,146.2,3.7,1.6,75.9,394.6,5.2,10.2,8.5,1.3,20.1,6.8,61.2,0.7,0.8,1.5
2011,South Carolina,13,30.1,14.7,24.4,60.3,181.5,1.5,42.5,192.1,4.5,2.2,66.9,373.5,5.6,6.9,11.2,0.9,19.1,6.3,48.7,0.9,1.2,2.1
2011,San Diego State,13,29.8,18.3,34.5,53.0,242.9,1.8,37.4,184.5,4.9,2.2,71.9,427.4,5.9,11.4,8.8,1.5,21.6,4.6,41.1,0.6,0.6,1.2
2011,Washington State,12,29.8,24.8,41.0,60.4,322.3,2.5,32.7,100.2,3.1,1.1,73.7,422.4,5.7,14.5,6.3,2.4,23.3,6.5,61.3,0.8,1.0,1.8
2011,Navy,12,29.7,5.4,11.3,48.1,85.8,0.8,57.8,312.3,5.4,2.8,69.1,398.0,5.8,3.3,16.8,1.2,21.3,2.3,20.0,0.8,0.5,1.3
2011,South Florida,12,29.3,21.1,36.2,58.3,249.6,1.3,39.7,183.2,4.6,1.8,75.8,432.8,5.7,11.8,10.7,1.8,24.3,7.1,60.1,1.1,0.9,2.0
2011,Nebraska,13,29.2,12.6,22.5,56.0,162.7,1.0,47.0,217.2,4.6,2.4,69.5,379.9,5.5,7.7,11.0,1.7,20.4,6.6,52.9,0.8,0.6,1.5
2011,Notre Dame,13,29.2,23.2,36.4,63.8,252.6,1.6,33.3,160.4,4.8,1.9,69.7,413.0,5.9,12.5,8.9,2.2,23.5,6.4,59.1,0.9,1.3,2.2
2011,Northwestern,13,28.9,22.2,31.3,71.0,254.2,2.0,44.4,166.6,3.8,1.9,75.7,420.8,5.6,11.5,10.5,1.5,23.5,4.3,37.8,0.6,0.7,1.3
2011,Fresno State,13,28.5,21.5,34.5,62.3,272.6,2.0,33.8,139.2,4.1,1.4,68.2,411.8,6.0,10.5,8.5,1.7,20.7,6.8,62.2,1.0,0.8,1.8
2011,California,13,28.3,18.9,33.8,55.9,246.6,1.3,37.2,154.8,4.2,1.9,71.1,401.5,5.6,11.2,7.8,2.5,21.5,7.5,72.4,0.9,0.9,1.8
2011,North Carolina State,13,28.2,22.4,35.8,62.4,240.0,2.5,34.5,104.8,3.0,0.8,70.3,344.8,4.9,10.8,5.9,1.7,18.4,4.6,33.8,1.0,0.9,1.9
2011,Texas,13,28.1,15.9,27.5,58.0,189.9,1.2,45.3,202.6,4.5,1.8,72.8,392.5,5.4,7.8,11.2,1.2,20.2,6.5,55.5,0.8,1.2,2.0
2011,North Carolina,13,28.0,19.2,28.5,67.1,254.4,2.0,34.0,138.8,4.1,1.7,62.5,393.2,6.3,10.9,7.2,1.1,19.2,5.4,47.9,0.9,1.1,2.0
2011,Virginia Tech,14,27.9,17.4,28.9,60.0,226.1,1.5,42.1,186.9,4.4,1.9,71.1,413.0,5.8,9.5,10.4,1.2,21.1,5.9,53.2,0.6,0.7,1.3
2011,Iowa,13,27.5,18.5,31.7,58.3,234.8,1.9,34.9,137.7,3.9,1.4,66.6,372.5,5.6,10.6,8.0,1.8,20.5,4.8,35.6,0.8,0.6,1.4
2011,UCF,12,27.1,19.6,28.8,67.9,238.0,0.9,38.8,168.8,4.3,2.3,67.7,406.8,6.0,10.7,9.4,0.9,21.0,5.7,48.9,0.8,0.7,1.5
2011,Purdue,13,26.9,17.9,30.1,59.6,195.2,1.3,41.2,181.6,4.4,1.7,71.2,376.8,5.3,9.5,9.8,1.3,20.5,7.4,60.2,0.7,0.8,1.5
2011,Vanderbilt,13,26.7,13.8,26.6,51.7,174.6,1.2,38.2,164.5,4.3,2.0,64.8,339.1,5.2,6.3,9.3,1.5,17.2,6.2,50.2,0.8,1.4,2.2
2011,UTEP,12,26.6,18.8,33.3,56.4,225.6,1.2,34.2,154.9,4.5,2.0,67.4,380.5,5.6,10.2,8.0,1.7,19.8,4.6,41.0,0.8,1.4,2.3
2011,Bowling Green State,12,26.5,21.2,35.7,59.3,261.6,2.3,33.5,122.9,3.7,1.1,69.2,384.5,5.6,11.9,6.8,0.8,19.5,4.8,42.1,1.2,1.2,2.3
2011,Miami (FL),12,26.5,18.5,28.3,65.5,232.1,1.8,33.2,145.7,4.4,1.5,61.4,377.8,6.2,9.8,7.1,1.4,18.3,5.8,42.3,0.7,0.9,1.6
2011,Rutgers,13,26.4,19.7,36.5,53.9,241.2,1.6,35.5,97.8,2.8,1.1,72.0,339.0,4.7,11.4,6.2,2.2,19.7,6.8,44.7,0.9,1.2,2.2
2011,East Carolina,12,26.3,29.6,43.7,67.7,286.1,2.1,33.1,109.1,3.3,1.3,76.8,395.2,5.1,14.9,6.8,0.8,22.6,4.9,45.8,1.3,1.7,2.9
2011,Wyoming,13,26.1,20.0,33.1,60.5,206.8,1.6,37.3,181.6,4.9,1.5,70.4,388.5,5.5,9.5,8.7,1.4,19.5,4.8,46.4,0.6,0.8,1.5
2011,Wake Forest,13,26.0,21.4,35.2,60.8,253.2,1.7,35.7,114.6,3.2,1.4,70.8,367.8,5.2,11.2,7.8,1.2,20.2,4.8,43.5,0.3,0.6,0.9
2011,SMU,13,25.8,21.6,36.6,59.0,274.8,1.3,27.3,113.8,4.2,1.9,63.9,388.6,6.1,12.6,4.8,1.5,18.8,6.2,50.5,1.0,1.5,2.5
2011,Auburn,13,25.7,12.6,22.5,56.2,155.5,1.3,41.2,182.3,4.4,1.5,63.7,337.8,5.3,6.6,9.9,0.9,17.5,5.8,52.0,0.6,1.0,1.6
2011,Florida,13,25.5,14.0,24.6,56.9,185.7,1.0,36.1,143.0,4.0,1.3,60.7,328.7,5.4,8.2,7.3,1.6,17.1,7.7,59.5,1.0,1.0,2.0
2011,Ball State,12,25.3,24.4,38.3,63.7,241.0,1.6,33.3,138.4,4.2,1.4,71.6,379.4,5.3,11.7,7.4,1.9,21.0,4.5,35.5,0.6,0.9,1.5
2011,Mississippi State,13,25.3,15.2,26.8,56.7,181.8,1.5,39.5,175.3,4.4,1.5,66.3,357.2,5.4,7.8,9.5,1.3,18.5,5.5,43.6,0.5,1.0,1.5
2011,Florida International,13,25.0,18.3,30.0,61.0,214.9,1.2,36.7,145.6,4.0,1.4,66.7,360.5,5.4,8.8,8.2,1.6,18.6,7.8,65.8,0.8,0.4,1.2
2011,Utah,13,25.0,14.5,25.7,56.3,173.2,1.5,36.3,137.6,3.8,1.2,62.0,310.8,5.0,7.2,7.4,1.8,16.4,5.7,51.7,1.0,0.8,1.8
2011,Army,12,24.8,3.1,8.1,38.1,50.4,0.4,61.7,346.5,5.6,2.9,69.8,396.9,5.7,2.3,18.2,0.8,21.2,4.1,36.3,1.8,0.3,2.2
2011,North Texas,12,24.8,16.6,28.9,57.3,189.3,1.2,40.0,152.4,3.8,1.6,68.9,341.8,5.0,8.8,7.8,1.2,17.8,5.0,41.4,0.7,0.8,1.4
2011,Louisiana-Monroe,12,24.6,22.8,39.4,57.9,237.6,1.3,38.8,153.0,3.9,1.8,78.3,390.6,5.0,12.3,7.6,2.1,21.9,5.7,50.0,0.7,0.8,1.5
2011,New Mexico State,13,24.5,19.2,34.7,55.2,273.1,1.8,34.3,125.0,3.6,1.2,69.0,398.1,5.8,11.8,7.2,1.2,20.3,6.9,52.4,0.8,1.1,1.9
2011,Ohio State,13,24.5,9.6,18.8,51.0,127.0,1.4,43.3,191.2,4.4,1.5,62.2,318.2,5.1,5.8,9.8,1.5,17.1,5.4,44.0,0.8,0.4,1.2
2011,San Jose State,12,24.5,24.8,39.9,62.0,276.8,1.1,30.3,101.8,3.4,1.4,70.2,378.7,5.4,13.6,4.5,1.3,19.4,3.3,31.5,1.4,1.3,2.7
2011,Connecticut,12,24.3,15.2,29.9,50.7,194.7,1.2,38.8,118.5,3.1,1.1,68.8,313.2,4.6,9.0,6.7,1.7,17.3,5.3,41.8,1.2,0.8,1.9
2011,Pitt,13,24.2,20.2,32.8,61.7,209.8,0.9,39.8,140.3,3.5,1.6,72.6,350.1,4.8,11.0,7.6,1.3,19.9,5.3,39.5,0.6,1.1,1.7
2011,Syracuse,12,24.2,21.8,34.8,62.4,227.8,1.9,33.0,120.4,3.6,0.8,67.8,348.2,5.1,11.1,6.6,1.3,19.0,6.6,62.8,0.8,0.8,1.6
2011,Rice,12,23.3,18.5,32.0,57.8,196.8,1.3,38.9,150.9,3.9,1.1,70.9,347.7,4.9,7.8,9.1,1.3,18.2,4.8,38.4,1.0,0.6,1.6
2011,Virginia,13,23.2,19.6,34.1,57.6,237.7,1.3,38.2,162.1,4.2,1.4,72.2,399.8,5.5,11.5,8.5,1.0,20.9,5.3,42.3,0.9,1.2,2.2
2011,Maryland,12,23.1,19.4,36.2,53.7,210.3,1.2,35.1,169.3,4.8,1.3,71.3,379.7,5.3,10.2,8.9,1.2,20.3,4.1,36.2,0.6,1.3,1.9
2011,UCLA,14,23.1,13.8,24.7,55.8,198.3,1.3,39.4,178.4,4.5,1.6,64.1,376.6,5.9,8.5,8.5,1.6,18.6,6.6,59.0,1.2,0.6,1.9
2011,Western Kentucky,12,22.9,14.0,25.1,55.8,167.3,0.9,45.3,181.6,4.0,2.1,70.4,348.9,5.0,7.6,9.0,1.6,18.2,7.4,62.3,0.8,1.1,1.9
2011,Iowa State,13,22.7,19.2,37.2,51.4,212.3,1.3,41.4,174.2,4.2,1.5,78.6,386.5,4.9,9.8,9.5,1.7,21.0,6.8,52.3,1.4,1.3,2.7
2011,Central Michigan,12,22.6,21.5,38.2,56.3,274.2,2.1,27.8,115.8,4.2,0.6,65.9,389.9,5.9,12.1,6.5,1.1,19.7,4.7,46.7,0.4,1.5,1.9
2011,Illinois,13,22.6,17.4,27.8,62.4,184.0,1.1,42.3,171.7,4.1,1.6,70.2,355.7,5.1,8.4,9.5,1.5,19.3,4.9,42.2,1.2,1.0,2.2
2011,Duke,12,22.5,26.3,41.1,63.9,272.2,1.3,30.4,94.1,3.1,1.6,71.5,366.3,5.1,12.0,5.6,2.0,19.6,4.7,38.9,0.8,1.0,1.8
2011,Troy,12,22.4,27.7,44.3,62.5,291.3,1.8,28.0,88.7,3.2,1.0,72.3,380.0,5.3,13.1,5.3,1.3,19.8,6.7,53.0,1.3,1.3,2.6
2011,Kansas,12,22.3,15.9,25.1,63.5,167.4,1.3,45.3,159.4,3.5,1.7,70.3,326.8,4.6,7.8,9.5,1.8,19.0,5.8,45.9,0.9,1.0,1.9
2011,Middle Tennessee State,12,22.3,24.9,42.4,58.7,254.3,1.8,35.8,146.8,4.1,1.2,78.2,401.1,5.1,11.7,8.7,1.3,21.7,4.8,42.6,1.1,1.3,2.3
2011,Buffalo,12,22.2,19.7,35.2,55.9,210.2,1.0,36.3,155.0,4.3,1.8,71.5,365.2,5.1,9.8,8.3,1.8,19.8,5.6,54.4,0.5,0.8,1.3
2011,Louisville,13,21.9,18.7,29.3,63.8,211.5,1.5,35.8,121.5,3.4,1.0,65.2,333.0,5.1,8.9,7.2,0.4,16.5,6.9,56.5,0.7,1.0,1.7
2011,Marshall,13,21.8,18.9,31.3,60.4,213.3,1.7,34.3,120.1,3.5,0.7,65.6,333.4,5.1,9.1,6.3,0.8,16.2,5.5,41.8,0.9,1.2,2.1
2011,Oregon State,12,21.8,26.7,41.9,63.6,286.8,1.3,26.5,86.9,3.3,1.0,68.4,373.7,5.5,13.3,4.6,1.8,19.8,7.4,68.7,1.0,1.6,2.6
2011,Colorado State,12,21.4,17.3,28.7,60.5,184.6,1.0,37.7,166.8,4.4,1.4,66.3,351.4,5.3,7.4,9.2,1.8,18.3,6.8,60.8,1.0,1.2,2.2
2011,Indiana,12,21.4,17.6,31.5,55.8,199.4,0.8,41.0,161.0,3.9,1.5,72.5,360.4,5.0,9.6,8.9,1.6,20.1,6.9,64.7,0.6,0.9,1.5
2011,Eastern Michigan,12,21.3,9.2,16.8,54.5,126.7,1.2,47.9,218.3,4.6,1.3,64.8,345.0,5.3,5.0,11.5,1.1,17.6,7.3,61.2,0.8,0.7,1.4
2011,Miami (OH),12,21.3,25.1,38.3,65.6,299.1,2.0,31.3,73.8,2.4,0.9,69.5,372.9,5.4,13.4,5.6,1.0,20.0,5.8,45.9,0.8,0.9,1.8
2011,Tulane,13,21.1,19.1,35.5,53.8,214.0,1.0,33.0,126.3,3.8,1.3,68.5,340.3,5.0,9.5,6.8,1.2,17.5,5.7,49.8,0.8,1.2,2.0
2011,Idaho,12,20.3,18.4,34.9,52.7,188.3,0.9,32.6,113.3,3.5,1.0,67.5,301.5,4.5,8.8,5.3,1.5,15.6,6.3,59.5,0.8,1.3,2.2
2011,Tennessee,12,20.3,18.6,33.3,55.8,242.6,1.5,32.7,90.1,2.8,0.9,66.0,332.7,5.0,10.5,6.1,1.5,18.1,5.8,46.8,0.5,1.0,1.5
2011,UAB,12,20.2,20.5,36.7,55.9,234.6,1.0,33.5,129.4,3.9,1.1,70.2,364.0,5.2,11.3,7.2,1.7,20.2,5.0,43.6,0.9,1.3,2.2
2011,Colorado,13,19.8,19.2,34.6,55.6,237.6,1.6,30.8,108.7,3.5,0.8,65.5,346.3,5.3,10.4,6.2,1.9,18.5,7.9,66.6,0.6,0.8,1.5
2011,Penn State,13,19.3,13.9,28.9,48.1,177.0,0.8,39.6,165.4,4.2,1.4,68.5,342.4,5.0,8.2,8.9,1.2,18.3,5.0,43.5,1.0,0.9,1.9
2011,Minnesota,12,18.4,11.2,22.8,48.9,150.3,0.8,39.2,160.0,4.1,1.2,62.0,310.3,5.0,6.8,8.7,0.8,16.3,5.7,49.4,0.6,0.8,1.4
2011,Boston College,12,18.2,14.4,27.0,53.4,167.8,1.0,36.4,130.9,3.6,1.0,63.4,298.8,4.7,8.6,6.4,0.9,15.9,4.2,34.5,0.8,0.8,1.7
2011,UNLV,12,17.3,12.0,22.4,53.5,109.6,0.8,41.7,164.3,3.9,1.2,64.1,273.8,4.3,5.4,8.4,1.3,15.1,6.7,61.2,0.6,0.8,1.4
2011,Kent State,12,17.1,14.3,29.0,49.4,145.4,0.9,35.9,108.1,3.0,0.9,64.9,253.5,3.9,7.0,5.2,1.4,13.6,6.3,63.7,0.8,0.8,1.6
2011,Memphis,12,16.3,18.7,34.0,54.9,190.3,0.8,31.5,84.0,2.7,0.8,65.5,274.3,4.2,8.9,5.1,1.2,15.2,4.8,43.6,0.8,0.7,1.5
2011,Ole Miss,12,16.1,12.9,26.1,49.5,151.7,0.8,38.3,129.6,3.4,1.0,64.4,281.3,4.4,6.6,8.1,0.8,15.5,6.7,57.7,1.0,1.1,2.1
2011,Kentucky,12,15.8,14.3,28.0,50.9,135.6,1.0,35.7,124.2,3.5,0.8,63.7,259.8,4.1,5.6,7.0,1.6,14.2,4.9,40.2,1.0,1.0,2.0
2011,Akron,12,14.2,14.3,31.3,45.5,163.3,1.0,34.4,114.4,3.3,0.6,65.8,277.8,4.2,7.6,6.8,1.5,15.8,5.3,43.6,1.1,0.9,2.0
2011,Florida Atlantic,12,12.9,15.3,29.3,52.1,143.1,0.7,32.3,105.7,3.3,0.8,61.5,248.8,4.0,7.5,5.8,1.4,14.7,7.7,68.2,0.9,1.3,2.3
2011,New Mexico,12,12.0,16.8,29.6,56.6,183.0,0.6,33.8,113.2,3.4,0.8,63.3,296.2,4.7,7.4,6.8,1.3,15.6,6.8,48.5,1.1,0.7,1.8
2012,Louisiana Tech,12,51.5,30.4,44.4,68.5,350.8,2.8,43.4,227.2,5.2,3.9,87.8,577.9,6.6,16.6,11.6,3.3,31.5,8.2,79.8,0.7,0.4,1.1
2012,Oregon,13,49.6,19.2,28.7,67.0,222.2,2.7,52.7,315.2,6.0,3.7,81.4,537.4,6.6,10.5,15.7,1.2,27.4,7.9,71.1,0.8,0.7,1.5
2012,Oklahoma State,13,45.7,24.0,38.1,63.0,331.7,2.6,39.9,215.3,5.4,2.7,78.0,547.0,7.0,13.6,11.5,1.5,26.6,6.4,59.8,0.5,1.2,1.7
2012,Baylor,13,44.5,22.6,36.5,61.9,340.5,2.6,45.9,231.7,5.0,2.9,82.5,572.2,6.9,13.5,13.0,1.8,28.3,6.7,58.7,0.8,1.0,1.8
2012,Texas A&M,13,44.5,25.3,37.8,66.9,316.5,2.2,41.0,242.1,5.9,3.5,78.8,558.5,7.1,13.8,11.5,2.2,27.5,6.2,56.5,0.8,0.8,1.6
2012,Clemson,13,41.0,24.5,36.5,67.1,321.6,3.1,45.2,191.1,4.2,2.0,81.7,512.7,6.3,13.8,11.2,1.2,26.2,5.2,43.2,0.5,1.1,1.6
2012,Marshall,12,40.9,35.3,50.6,69.9,365.1,3.3,40.0,169.2,4.2,2.0,90.6,534.3,5.9,17.8,9.8,1.8,29.4,6.5,60.5,0.7,1.0,1.7
2012,North Carolina,12,40.6,23.9,36.8,65.1,291.8,2.4,38.1,193.8,5.1,2.3,74.8,485.6,6.5,13.3,9.8,1.3,24.3,7.5,64.3,0.9,0.6,1.5
2012,West Virginia,13,39.5,29.1,41.3,70.4,330.2,3.4,35.5,171.8,4.8,1.6,76.8,502.0,6.5,14.5,9.2,1.8,25.4,5.5,51.2,0.5,0.5,1.0
2012,Florida State,14,39.3,20.6,30.6,67.3,265.3,1.7,36.6,206.2,5.6,2.9,67.2,471.5,7.0,11.6,10.4,1.0,23.0,6.4,57.8,1.2,0.7,1.9
2012,Kansas State,13,38.8,15.6,24.2,64.4,207.4,1.2,40.5,194.0,4.8,3.2,64.7,401.4,6.2,9.7,10.6,1.4,21.7,3.8,31.0,0.2,0.7,0.9
2012,Alabama,14,38.7,15.6,23.4,66.8,218.0,2.2,40.7,227.5,5.6,2.6,64.1,445.5,6.9,9.4,11.4,0.9,21.6,3.9,33.4,0.9,0.2,1.1
2012,Northern Illinois,14,38.6,17.5,29.3,59.8,231.4,1.9,43.8,238.2,5.4,3.1,73.1,469.6,6.4,10.3,11.6,1.4,23.3,5.9,54.8,1.0,0.4,1.4
2012,Arizona State,13,38.4,21.2,31.8,66.6,259.2,2.5,46.0,205.4,4.5,2.1,77.8,464.5,6.0,12.3,11.2,1.8,25.3,4.2,34.9,0.9,0.9,1.8
2012,Arizona,13,38.2,25.1,41.4,60.6,298.4,2.3,41.8,227.8,5.4,2.5,83.2,526.2,6.3,13.1,12.9,3.3,29.3,6.4,55.1,1.0,1.2,2.2
2012,Oklahoma,13,38.2,28.9,43.9,65.8,336.5,2.3,33.4,161.4,4.8,2.3,77.3,497.8,6.4,17.2,8.8,1.2,27.2,5.7,46.0,0.7,0.8,1.5
2012,Fresno State,13,37.9,27.1,41.2,65.8,325.6,2.9,36.2,151.9,4.2,1.5,77.4,477.5,6.2,13.2,8.5,1.7,23.5,6.8,61.5,0.9,0.6,1.5
2012,Georgia,14,37.8,18.1,28.5,63.7,285.1,2.6,37.5,182.6,4.9,2.3,66.0,467.6,7.1,11.5,8.9,0.9,21.2,6.9,53.5,0.6,0.8,1.4
2012,Nevada,13,37.8,20.8,31.2,66.7,243.8,1.8,51.8,271.0,5.2,3.2,83.1,514.8,6.2,12.5,14.5,1.9,28.9,6.6,63.0,0.9,0.8,1.7
2012,Texas Tech,13,37.5,32.2,45.7,70.4,355.9,3.4,30.7,139.9,4.6,1.2,76.4,495.8,6.5,16.0,8.8,2.1,26.8,7.7,75.5,0.6,1.2,1.8
2012,Ohio State,12,37.2,13.4,23.2,57.9,181.5,1.4,46.6,242.3,5.2,3.1,69.8,423.8,6.1,7.2,13.0,1.3,21.4,7.0,64.5,0.9,0.6,1.5
2012,Tennessee,12,36.2,23.8,39.8,59.7,315.6,2.9,34.4,160.3,4.7,1.5,74.2,475.9,6.4,14.8,7.8,1.4,24.1,6.8,52.5,0.7,1.2,1.8
2012,Texas,13,35.7,20.6,30.7,67.2,263.2,1.9,37.8,171.5,4.5,2.5,68.5,434.6,6.3,11.2,9.2,1.3,21.6,5.2,45.3,0.4,0.8,1.2
2012,Louisiana,13,35.5,18.6,30.2,61.6,261.8,1.7,36.9,193.5,5.2,2.5,67.2,455.3,6.8,10.2,8.9,1.6,20.7,5.7,49.1,1.0,0.7,1.7
2012,UCF,14,35.4,18.4,29.4,62.4,225.6,2.0,37.6,181.8,4.8,2.4,67.1,407.4,6.1,10.3,10.4,0.9,21.5,4.3,36.2,0.6,0.5,1.1
2012,Arkansas State,13,34.9,21.5,31.7,67.7,260.5,1.9,41.5,206.2,5.0,2.4,73.2,466.7,6.4,10.5,12.2,1.8,24.5,4.9,46.0,0.7,0.4,1.1
2012,Utah State,13,34.9,21.9,32.3,67.9,265.0,2.1,36.4,204.1,5.6,2.3,68.7,469.1,6.8,10.8,8.6,1.4,20.8,7.0,72.4,0.8,0.8,1.6
2012,Nebraska,14,34.8,16.6,27.0,61.6,207.4,1.7,47.3,253.4,5.4,2.4,74.3,460.8,6.2,8.6,12.9,2.1,23.6,6.3,60.5,1.6,0.9,2.5
2012,San Jose State,13,34.8,25.8,36.0,71.8,332.7,2.7,34.3,113.5,3.3,1.3,70.3,446.2,6.3,15.4,6.1,1.2,22.6,5.2,47.5,1.2,0.7,1.8
2012,Tulsa,14,34.7,17.7,33.6,52.7,211.4,1.4,49.2,245.7,5.0,2.9,82.9,457.1,5.5,9.0,12.2,1.9,23.1,4.5,41.9,0.8,0.9,1.7
2012,UCLA,14,34.4,23.1,35.4,65.3,275.7,2.1,42.8,190.8,4.5,2.1,78.2,466.5,6.0,12.1,9.3,2.2,23.6,9.3,91.5,1.0,0.8,1.8
2012,Louisiana-Monroe,13,33.8,26.4,41.5,63.6,290.7,2.5,34.6,142.1,4.1,1.8,76.1,432.8,5.7,14.1,7.2,2.5,23.8,5.4,43.6,0.3,1.2,1.5
2012,Ball State,13,33.6,24.5,37.8,64.8,254.0,2.2,41.8,203.2,4.9,1.8,79.6,457.2,5.7,13.9,11.6,2.4,27.9,4.7,47.2,0.5,0.8,1.3
2012,Georgia Tech,14,33.6,7.3,13.9,52.6,129.9,0.9,57.7,311.2,5.4,3.4,71.6,441.1,6.2,4.2,16.4,1.0,21.6,4.9,39.9,0.9,0.6,1.5
2012,Kent State,14,33.1,14.1,25.6,55.3,162.5,1.0,41.7,225.8,5.4,2.6,67.3,388.3,5.8,7.5,9.9,1.4,18.9,5.2,44.9,0.5,0.8,1.3
2012,San Diego State,13,32.8,14.0,23.8,58.9,175.9,1.6,44.5,220.7,5.0,2.3,68.2,396.6,5.8,7.9,11.5,1.9,21.4,5.6,49.1,1.1,0.8,1.9
2012,Oregon State,13,32.5,24.2,38.8,62.5,307.1,2.1,34.0,124.4,3.7,2.0,72.8,431.5,5.9,13.8,7.8,2.2,23.8,6.1,55.7,0.5,1.2,1.8
2012,Houston,12,32.4,28.1,49.3,57.0,328.4,2.3,32.8,151.2,4.6,1.5,82.0,479.6,5.8,14.7,7.6,2.1,24.3,6.2,53.6,1.3,1.7,2.9
2012,Cincinnati,13,32.3,16.2,28.5,56.6,238.8,1.9,37.8,201.5,5.3,1.9,66.4,440.2,6.6,9.2,9.5,1.7,20.5,5.6,53.5,0.6,0.8,1.5
2012,USC,13,32.1,21.8,35.5,61.6,282.3,3.0,30.2,150.6,5.0,0.9,65.6,432.9,6.6,11.5,7.1,3.0,21.6,7.6,62.2,1.1,1.5,2.6
2012,Rice,13,31.8,18.2,30.8,58.9,225.6,1.5,48.1,201.8,4.2,2.0,78.9,427.4,5.4,10.8,11.3,1.5,23.5,5.5,50.8,1.3,0.4,1.7
2012,Northwestern,13,31.7,17.8,28.4,62.6,169.1,1.1,45.8,225.5,4.9,2.4,74.2,394.6,5.3,8.5,12.4,1.3,22.2,5.2,50.5,0.6,0.5,1.2
2012,Ohio,13,31.7,19.2,30.9,62.2,241.5,1.8,45.8,203.3,4.4,1.8,76.8,444.8,5.8,10.9,10.3,2.0,23.2,5.3,50.0,0.4,0.4,0.8
2012,Duke,13,31.5,27.1,42.4,63.9,283.9,2.1,33.8,125.2,3.7,1.4,76.2,409.2,5.4,12.8,7.1,2.2,22.2,5.8,49.0,0.7,0.9,1.6
2012,East Carolina,13,31.5,24.5,37.5,65.4,273.2,1.9,35.3,135.4,3.8,1.8,72.8,408.5,5.6,12.2,8.0,1.7,21.9,4.2,43.6,0.6,1.1,1.7
2012,Ole Miss,13,31.5,20.1,31.6,63.5,249.9,1.8,42.4,173.8,4.1,1.9,74.0,423.8,5.7,10.3,10.6,1.5,22.4,4.8,36.9,0.8,1.4,2.2
2012,South Carolina,13,31.5,17.3,28.1,61.6,238.1,2.2,37.8,138.5,3.7,1.5,65.8,376.5,5.7,10.4,7.9,1.5,19.8,4.8,40.5,0.8,0.7,1.5
2012,Toledo,13,31.5,20.8,33.9,61.5,252.0,1.5,40.1,193.2,4.8,1.6,74.0,445.2,6.0,10.8,10.2,1.5,22.6,6.8,68.0,0.7,0.8,1.5
2012,Miami (FL),12,31.4,22.0,37.3,59.1,295.4,1.9,30.9,144.8,4.7,1.6,68.2,440.2,6.5,11.8,6.3,2.2,20.3,7.3,57.7,0.7,0.6,1.3
2012,Louisville,13,31.2,23.6,35.1,67.3,296.1,2.1,35.5,122.7,3.5,1.8,70.6,418.8,5.9,13.3,8.2,1.4,22.8,6.3,54.1,0.4,0.6,1.0
2012,UTSA,12,31.2,18.4,30.7,60.1,231.0,1.9,35.8,159.3,4.4,1.8,66.5,390.3,5.9,10.2,7.9,1.3,19.4,7.8,76.1,0.7,0.6,1.3
2012,SMU,13,31.0,21.0,39.7,52.9,235.3,1.2,30.8,132.0,4.3,1.7,70.5,367.3,5.2,10.8,7.1,1.2,19.2,5.2,39.8,0.6,1.2,1.8
2012,Indiana,12,30.8,27.6,45.0,61.3,311.2,2.0,33.3,130.8,3.9,1.8,78.3,442.0,5.6,13.3,7.1,2.4,22.8,5.7,49.3,0.3,1.1,1.3
2012,Troy,12,30.6,28.1,42.4,66.2,331.5,1.8,38.1,167.3,4.4,1.8,80.5,498.8,6.2,14.2,9.3,2.1,25.6,7.7,66.9,1.3,1.0,2.3
2012,Boise State,13,30.2,20.2,30.3,66.8,223.2,1.5,36.8,168.2,4.6,1.9,67.1,391.3,5.8,11.2,8.6,1.5,21.3,4.5,42.8,0.7,0.5,1.2
2012,Syracuse,13,30.0,22.7,36.4,62.4,289.0,2.0,42.7,187.0,4.4,1.6,79.1,476.0,6.0,13.1,10.2,1.9,25.2,7.8,68.2,0.9,0.8,1.7
2012,Vanderbilt,13,30.0,15.9,26.9,59.1,213.4,1.3,40.3,166.3,4.1,1.9,67.2,379.7,5.6,8.4,8.8,1.8,18.9,5.9,44.9,1.0,0.4,1.4
2012,LSU,13,29.8,16.0,27.4,58.4,200.5,0.9,40.5,173.7,4.3,2.2,67.9,374.2,5.5,8.2,9.2,1.2,18.6,7.2,57.9,0.8,0.5,1.3
2012,Michigan,13,29.8,13.0,24.5,53.1,199.3,1.5,38.6,183.8,4.8,2.1,63.1,383.1,6.1,8.7,8.6,1.8,19.2,4.8,49.3,0.6,1.5,2.1
2012,Wisconsin,14,29.6,12.1,20.8,58.4,156.9,1.1,45.4,236.4,5.2,2.7,66.1,393.3,5.9,6.9,11.2,1.0,19.1,3.8,36.1,0.4,0.4,0.9
2012,Mississippi State,13,29.5,19.2,32.6,58.7,237.8,2.2,32.6,144.2,4.4,1.4,65.2,381.9,5.9,11.5,7.3,1.4,20.2,4.7,41.4,0.5,0.8,1.3
2012,Western Michigan,12,29.3,25.3,42.6,59.5,289.8,2.3,33.7,149.5,4.4,1.4,76.3,439.3,5.8,13.4,8.4,1.8,23.7,6.3,52.0,0.8,1.8,2.6
2012,Penn State,12,29.1,22.7,38.0,59.6,273.6,2.0,39.6,143.9,3.6,1.5,77.6,417.5,5.4,13.0,7.5,1.9,22.4,5.3,48.7,0.7,0.4,1.1
2012,Central Michigan,13,28.8,18.8,31.8,59.1,244.2,1.8,31.9,150.5,4.7,1.7,63.7,394.8,6.2,11.0,8.2,1.5,20.7,4.2,37.5,0.5,0.7,1.2
2012,Brigham Young,13,28.7,22.8,38.3,59.4,247.2,1.9,38.8,153.2,3.9,1.7,77.2,400.4,5.2,12.2,9.4,1.5,23.1,6.2,53.1,0.6,1.3,1.9
2012,Purdue,13,28.7,22.8,37.1,61.4,238.5,2.3,36.5,164.2,4.5,1.2,73.6,402.7,5.5,10.8,8.0,1.6,20.5,5.7,50.9,1.0,1.1,2.1
2012,Texas State,12,28.6,18.1,30.1,60.1,200.4,1.4,34.4,179.3,5.2,2.0,64.5,379.8,5.9,9.0,8.1,2.3,19.4,7.3,67.6,0.7,0.7,1.3
2012,TCU,13,28.3,18.2,30.9,59.0,236.5,2.0,39.4,152.1,3.9,1.0,70.3,388.6,5.5,9.7,8.1,1.2,19.0,6.8,63.0,1.3,0.9,2.2
2012,UAB,12,28.3,23.3,39.9,58.2,308.8,1.8,34.7,110.3,3.2,1.6,74.6,419.1,5.6,12.5,7.8,2.3,22.5,7.3,63.4,1.2,1.1,2.3
2012,Western Kentucky,13,28.2,16.4,25.8,63.6,205.2,1.8,38.9,181.7,4.7,1.6,64.7,386.8,6.0,9.8,9.2,1.4,20.4,6.2,58.8,0.9,0.9,1.8
2012,North Carolina State,13,28.1,25.4,43.8,58.0,310.1,2.4,36.2,111.1,3.1,0.9,80.0,421.2,5.3,13.4,7.4,1.1,21.8,6.7,50.5,1.2,1.3,2.5
2012,Stanford,14,27.9,17.1,28.5,60.2,200.1,1.4,39.2,174.3,4.4,1.6,67.7,374.4,5.5,9.2,8.1,1.7,19.0,6.1,51.1,0.6,0.7,1.3
2012,Air Force,13,27.4,6.4,11.6,55.0,102.6,0.7,61.8,316.2,5.1,3.0,73.5,418.8,5.7,3.8,17.2,1.2,22.3,3.4,26.2,1.6,0.6,2.2
2012,Wyoming,12,26.8,20.8,34.3,60.6,265.4,2.4,36.8,125.2,3.4,1.1,71.0,390.6,5.5,10.8,8.0,1.9,20.7,4.5,42.8,0.4,0.7,1.1
2012,Utah,12,26.7,18.3,29.3,62.7,190.7,1.3,37.2,133.8,3.6,1.4,66.4,324.4,4.9,8.7,7.7,1.4,17.8,6.9,61.7,0.8,0.8,1.5
2012,Middle Tennessee State,12,26.6,18.1,28.7,63.1,216.1,1.3,39.0,176.7,4.5,1.6,67.7,392.8,5.8,8.8,9.8,1.5,20.2,5.7,45.8,0.8,0.7,1.5
2012,Pitt,13,26.6,19.8,30.4,65.3,257.0,1.6,37.6,133.1,3.5,1.5,68.0,390.1,5.7,11.5,7.0,1.3,19.8,6.7,57.4,0.5,0.2,0.8
2012,Florida,13,26.5,14.1,22.2,63.5,146.3,1.0,41.5,188.1,4.5,1.7,63.6,334.4,5.3,6.2,9.9,1.2,17.4,8.1,68.8,0.8,0.4,1.2
2012,Akron,12,26.1,30.3,48.6,62.4,312.8,2.5,30.4,114.4,3.8,0.8,79.0,427.2,5.4,15.0,6.7,2.3,23.9,8.4,66.4,0.8,1.5,2.3
2012,Missouri,12,25.8,19.0,34.5,55.1,217.9,1.3,37.8,138.5,3.7,1.3,72.3,356.4,4.9,9.5,7.9,0.7,18.1,5.6,43.3,0.7,1.2,1.8
2012,New Mexico,13,25.8,6.1,11.8,51.3,68.8,0.4,52.9,301.3,5.7,2.6,64.8,370.2,5.7,3.2,14.8,1.5,19.5,4.8,40.8,0.8,0.3,1.1
2012,Notre Dame,13,25.8,17.4,29.8,58.2,222.8,1.1,38.9,189.4,4.9,1.8,68.8,412.2,6.0,10.5,9.8,1.3,21.6,5.5,42.3,0.5,0.6,1.2
2012,Virginia Tech,13,25.1,17.2,33.6,51.3,230.9,1.4,39.0,145.8,3.7,1.4,72.6,376.8,5.2,9.8,8.4,1.0,19.2,6.0,51.0,0.7,1.3,2.0
2012,Florida International,12,25.0,18.3,30.8,59.3,238.4,1.4,40.8,145.3,3.6,1.7,71.5,383.8,5.4,9.3,8.7,1.6,19.5,7.6,64.1,1.3,0.5,1.8
2012,Navy,13,25.0,7.6,13.2,57.6,104.8,0.8,53.8,278.5,5.2,2.2,67.1,383.2,5.7,4.5,16.1,0.9,21.5,3.7,29.1,1.1,0.4,1.5
2012,Temple,11,24.7,10.5,20.1,52.5,120.8,0.9,42.5,201.2,4.7,1.9,62.6,322.0,5.1,5.8,9.5,1.2,16.5,5.4,46.3,1.2,0.5,1.7
2012,Iowa State,13,24.5,20.5,35.2,58.1,214.1,2.2,35.8,150.1,4.2,0.8,71.0,364.2,5.1,9.5,8.7,1.5,19.7,4.8,42.5,0.7,1.3,2.0
2012,Memphis,12,24.4,15.2,23.6,64.3,166.6,1.3,40.8,151.8,3.7,1.5,64.3,318.3,4.9,7.1,9.3,1.2,17.6,7.1,69.3,1.8,0.3,2.0
2012,Army,12,24.3,4.3,9.6,44.3,66.4,0.3,67.2,369.8,5.5,2.7,76.8,436.3,5.7,3.1,19.7,0.8,23.6,3.9,30.1,1.7,0.2,1.8
2012,Washington,13,24.0,20.5,33.7,60.7,212.8,1.5,35.8,142.4,4.0,1.5,69.5,355.2,5.1,9.8,7.5,1.7,19.0,8.3,74.5,1.1,1.1,2.2
2012,Arkansas,12,23.5,22.7,38.3,59.3,301.5,1.9,30.6,118.7,3.9,1.0,68.8,420.2,6.1,11.8,7.3,1.9,21.1,6.0,44.0,1.3,1.3,2.6
2012,Miami (OH),12,23.3,25.9,41.3,62.8,298.7,2.2,28.3,86.6,3.1,0.6,69.5,385.3,5.5,13.3,5.7,1.9,20.9,4.8,36.9,0.6,1.0,1.6
2012,California,12,23.0,17.7,30.5,57.9,208.3,1.1,37.6,183.0,4.9,1.5,68.1,391.3,5.7,9.3,8.5,2.1,19.9,8.3,83.0,1.4,1.1,2.5
2012,Bowling Green State,13,22.9,18.4,34.0,54.1,212.1,1.2,34.8,153.4,4.4,1.5,68.8,365.5,5.3,8.8,8.8,1.4,19.0,7.1,59.6,0.4,1.0,1.4
2012,Virginia,12,22.8,23.0,39.5,58.2,268.0,1.9,34.8,128.5,3.7,0.8,74.3,396.5,5.3,10.4,7.9,0.7,19.0,6.8,58.8,0.9,1.3,2.2
2012,Minnesota,13,22.1,13.5,25.4,53.0,169.5,1.5,39.8,151.9,3.8,1.1,65.2,321.4,4.9,7.8,8.1,1.7,17.6,6.2,50.2,0.5,1.2,1.7
2012,UNLV,13,22.0,19.2,36.0,53.4,218.8,1.4,34.8,149.1,4.3,1.2,70.8,367.9,5.2,9.8,7.5,2.2,19.4,5.2,52.2,0.5,1.3,1.8
2012,Rutgers,13,21.5,17.2,30.2,56.9,208.5,1.8,33.2,121.4,3.7,0.5,63.3,329.9,5.2,9.3,5.5,1.8,16.5,7.2,60.0,0.5,1.2,1.7
2012,Tulane,12,21.4,25.8,44.7,57.8,279.9,1.9,23.3,39.6,1.7,0.3,68.0,319.5,4.7,11.9,3.7,2.3,17.8,6.3,53.9,1.1,1.7,2.8
2012,Buffalo,12,21.3,16.3,31.7,51.6,199.3,1.4,40.5,176.6,4.4,1.1,72.2,375.8,5.2,8.9,8.8,2.4,20.2,6.1,62.5,1.0,0.8,1.8
2012,Eastern Michigan,12,21.3,13.3,25.7,51.6,171.6,1.6,37.3,164.2,4.4,1.1,63.0,335.8,5.3,7.1,8.3,1.3,16.8,5.9,53.7,0.5,1.3,1.8
2012,Colorado State,12,21.2,17.2,29.3,58.7,210.2,1.4,33.3,128.8,3.9,1.0,62.5,339.0,5.4,9.8,7.0,1.3,18.0,6.5,64.6,0.9,1.3,2.2
2012,Hawaii,12,21.2,17.2,33.2,51.8,188.8,1.0,36.6,108.6,3.0,1.0,69.8,297.4,4.3,9.1,6.1,2.0,17.2,5.9,54.0,1.7,1.1,2.8
2012,UTEP,12,21.2,16.5,31.3,52.7,224.0,1.3,37.9,148.5,3.9,1.1,69.3,372.5,5.4,9.9,7.9,1.6,19.4,4.8,41.8,0.8,1.1,1.9
2012,North Texas,12,20.9,17.8,31.3,57.1,219.1,1.2,39.8,173.1,4.3,1.4,71.1,392.2,5.5,9.6,8.9,1.4,19.9,4.3,43.3,0.3,1.2,1.5
2012,South Florida,12,20.6,18.8,34.2,55.1,215.5,1.2,35.5,152.0,4.3,1.2,69.7,367.5,5.3,9.6,9.2,2.2,20.9,6.4,57.2,1.1,1.3,2.3
2012,Florida Atlantic,12,20.5,22.1,34.7,63.7,237.6,1.5,34.2,113.1,3.3,1.0,68.8,350.7,5.1,10.6,6.6,1.3,18.5,6.4,51.3,1.1,0.5,1.6
2012,Washington State,12,20.4,30.3,52.0,58.2,330.4,1.9,21.0,29.1,1.4,0.5,73.0,359.5,4.9,13.5,3.3,4.0,20.8,7.3,63.7,0.8,1.8,2.5
2012,Maryland,12,20.1,13.8,25.3,54.3,181.8,1.4,39.3,103.0,2.6,0.9,64.7,284.8,4.4,7.8,6.0,1.5,15.3,4.2,38.8,1.5,1.0,2.5
2012,Michigan State,13,20.0,18.8,35.8,52.5,209.9,1.1,37.8,149.4,3.9,1.0,73.6,359.3,4.9,10.7,7.2,1.2,19.2,5.8,56.5,0.6,0.8,1.4
2012,Boston College,12,19.8,21.3,39.4,54.1,258.9,1.5,28.8,90.9,3.2,0.6,68.2,349.8,5.1,12.3,5.5,1.9,19.8,4.0,32.3,0.9,1.1,2.0
2012,Southern Mississippi,12,19.7,12.6,26.1,48.2,168.3,0.8,39.9,154.6,3.9,1.4,66.0,322.8,4.9,7.3,9.0,1.7,17.9,4.8,40.5,1.3,1.1,2.3
2012,Iowa,12,19.3,18.6,32.4,57.3,187.4,0.6,33.7,123.0,3.7,1.3,66.1,310.4,4.7,7.8,8.0,1.6,17.4,4.6,40.9,0.3,0.7,0.9
2012,Auburn,12,18.7,12.3,21.4,57.2,156.6,0.7,36.5,148.4,4.1,1.3,57.9,305.0,5.3,6.9,7.9,0.7,15.5,6.3,50.1,0.8,1.3,2.1
2012,New Mexico State,12,18.7,17.9,33.5,53.5,237.8,1.6,32.4,97.6,3.0,0.9,65.9,335.3,5.1,10.3,6.0,2.3,18.6,5.1,40.1,1.3,0.9,2.3
2012,South Alabama,13,18.5,18.8,34.5,54.3,209.8,1.2,37.6,123.5,3.3,0.8,72.2,333.4,4.6,9.4,7.5,2.5,19.4,7.4,67.5,1.3,1.2,2.5
2012,Wake Forest,12,18.5,19.9,35.6,56.0,200.8,1.1,33.5,100.5,3.0,1.3,69.1,301.3,4.4,8.1,6.5,1.1,15.7,4.4,38.4,0.7,0.6,1.3
2012,Kansas,12,18.3,12.3,26.1,47.3,148.7,0.6,46.5,211.7,4.6,1.6,72.6,360.3,5.0,6.8,11.5,1.7,20.0,3.8,30.0,0.8,1.1,1.9
2012,Kentucky,12,17.9,18.3,32.3,56.8,176.3,1.1,33.6,138.8,4.1,1.1,65.8,315.0,4.8,8.5,7.6,1.8,17.8,4.6,41.3,0.5,0.8,1.3
2012,Colorado,12,17.8,18.5,33.7,55.0,192.5,0.9,35.4,110.3,3.1,1.3,69.1,302.8,4.4,9.2,5.9,2.1,17.2,6.1,57.8,1.3,1.6,2.8
2012,Connecticut,12,17.8,18.3,32.3,56.4,230.4,0.8,34.9,87.9,2.5,0.8,67.3,318.3,4.7,11.7,4.0,1.3,16.9,4.7,38.8,0.7,1.5,2.2
2012,Illinois,12,16.7,18.6,29.5,63.0,168.8,0.9,36.9,127.8,3.5,1.0,66.4,296.7,4.5,8.3,7.3,0.9,16.4,5.9,49.6,1.3,1.2,2.5
2012,Idaho,12,15.8,21.8,37.3,58.5,225.8,1.3,29.2,89.3,3.1,0.3,66.5,315.1,4.7,9.1,5.5,1.2,15.8,7.3,62.7,1.4,1.8,3.3
2012,Massachusetts,12,12.7,19.8,37.0,53.4,186.7,0.8,34.2,91.6,2.7,0.7,71.2,278.3,3.9,9.9,5.8,1.5,17.2,6.8,56.6,0.8,1.6,2.3
2013,Baylor,13,52.4,21.3,34.5,61.8,359.1,2.7,48.2,259.7,5.4,3.6,82.6,618.8,7.5,13.8,13.4,1.5,28.6,9.2,82.6,0.8,0.5,1.2
2013,Florida State,14,51.6,20.6,31.6,65.2,315.9,3.0,36.1,203.1,5.6,3.0,67.6,519.1,7.7,13.9,9.9,1.8,25.6,5.6,49.6,0.4,0.9,1.3
2013,Ohio State,14,45.5,17.0,26.3,64.7,203.3,2.7,45.4,308.6,6.8,3.2,71.6,511.9,7.1,9.0,15.4,1.4,25.8,5.2,45.6,0.7,0.6,1.4
2013,Oregon,13,45.5,19.7,31.2,63.2,291.5,2.5,43.7,273.5,6.3,3.2,74.8,565.0,7.5,12.6,13.2,1.0,26.8,8.2,70.2,0.9,0.5,1.4
2013,Texas A&M,13,44.2,26.1,37.6,69.3,353.3,3.1,35.8,185.1,5.2,2.5,73.4,538.4,7.3,15.7,10.4,1.3,27.4,6.2,53.1,0.6,1.0,1.6
2013,Fresno State,13,43.4,35.5,51.9,68.3,394.9,3.8,31.8,151.3,4.8,1.6,83.7,546.2,6.5,17.0,9.1,2.2,29.1,5.2,53.3,0.9,0.8,1.7
2013,Marshall,14,42.1,22.5,37.3,60.3,294.4,3.0,40.8,205.9,5.0,2.4,78.1,500.4,6.4,13.5,10.6,1.9,26.0,6.0,46.4,0.9,0.7,1.6
2013,Clemson,13,40.2,26.2,37.9,69.2,333.1,3.0,41.8,175.0,4.2,2.0,79.8,508.1,6.4,14.0,10.0,1.2,25.2,5.6,50.5,0.9,0.9,1.8
2013,East Carolina,13,40.2,30.5,43.5,70.3,328.1,2.6,35.6,140.1,3.9,2.4,79.1,468.2,5.9,16.5,8.1,2.0,26.6,5.3,44.9,0.5,0.8,1.2
2013,Arizona State,14,39.7,22.1,35.3,62.6,265.9,2.0,43.4,191.4,4.4,2.6,78.7,457.3,5.8,11.8,10.5,2.0,24.3,4.0,31.4,0.4,0.9,1.3
2013,Northern Illinois,14,39.6,18.6,29.9,62.4,222.6,2.1,46.8,297.2,6.4,2.8,76.6,519.8,6.8,9.5,15.4,1.2,26.1,5.4,46.0,0.6,0.6,1.2
2013,Auburn,14,39.5,12.4,20.4,60.7,173.0,1.4,52.0,328.4,6.3,3.4,72.4,501.4,6.9,6.4,16.4,1.1,23.9,5.0,40.6,0.8,0.6,1.4
2013,Missouri,14,39.1,19.1,32.4,58.8,252.9,2.2,42.0,237.9,5.7,2.5,74.4,490.7,6.6,11.1,11.4,1.9,24.5,5.1,38.8,0.6,0.6,1.1
2013,Oklahoma State,13,39.1,21.5,37.2,57.9,277.2,2.0,38.7,171.6,4.4,2.7,75.9,448.8,5.9,11.8,8.3,2.1,22.1,6.7,60.0,0.4,1.0,1.4
2013,Ball State,13,38.5,24.8,39.2,63.3,324.2,2.7,34.6,152.7,4.4,2.2,73.8,476.8,6.5,15.8,7.0,2.5,25.2,3.8,31.1,0.8,0.6,1.5
2013,Indiana,12,38.4,23.3,39.2,59.4,306.7,3.0,38.2,201.8,5.3,2.1,77.3,508.5,6.6,13.6,10.1,1.3,25.0,5.2,42.9,0.5,1.2,1.7
2013,Alabama,13,38.2,18.8,28.1,66.8,248.5,2.3,35.5,205.6,5.8,2.2,63.5,454.1,7.1,10.8,10.9,1.5,23.2,4.8,40.0,0.8,0.5,1.3
2013,Washington,13,37.9,20.8,31.8,65.4,260.4,1.9,46.9,238.9,5.1,2.7,78.7,499.3,6.3,11.4,12.0,1.2,24.5,8.1,71.7,0.6,0.6,1.2
2013,Boise State,13,37.5,25.3,35.8,70.6,277.7,2.2,43.3,198.3,4.6,2.5,79.2,476.0,6.0,13.2,10.4,1.6,25.2,4.2,38.0,1.0,0.8,1.8
2013,UCLA,13,36.9,20.4,30.2,67.6,251.5,1.9,43.5,196.6,4.5,2.8,73.7,448.1,6.1,11.2,10.4,1.8,23.3,8.1,73.5,0.5,0.7,1.2
2013,Colorado State,14,36.2,21.3,34.3,62.1,266.4,1.7,40.8,204.4,5.0,2.6,75.1,470.8,6.3,10.8,11.1,1.0,22.9,5.4,52.7,0.6,0.8,1.4
2013,Georgia,12,36.0,21.9,34.8,63.1,303.7,2.3,38.0,173.5,4.6,1.9,72.8,477.2,6.6,13.7,9.2,1.9,24.8,6.3,47.1,0.8,0.8,1.6
2013,LSU,13,35.8,15.8,25.1,62.9,251.0,1.8,40.2,202.3,5.0,2.8,65.3,453.3,6.9,11.2,9.3,1.5,22.1,6.9,56.3,0.8,0.7,1.5
2013,Texas Tech,13,35.8,34.8,54.9,63.4,392.8,2.7,32.5,118.2,3.6,1.5,87.4,511.0,5.8,18.5,6.8,2.3,27.6,8.0,75.2,1.2,1.4,2.5
2013,Louisville,13,35.2,23.9,33.8,70.8,314.0,2.5,35.0,146.8,4.2,1.4,68.8,460.8,6.7,15.0,7.7,0.7,23.4,7.1,64.3,0.5,0.3,0.8
2013,Georgia Tech,13,35.1,7.1,15.6,45.3,130.4,0.9,54.8,299.7,5.5,3.5,70.5,430.1,6.1,5.1,15.5,1.2,21.8,4.8,40.7,0.8,1.0,1.8
2013,Bowling Green State,14,34.8,18.2,28.9,63.1,266.1,1.9,41.4,193.4,4.7,2.1,70.2,459.4,6.5,12.0,10.0,1.1,23.1,5.2,44.1,0.3,0.5,0.8
2013,Oregon State,13,34.8,31.8,48.0,66.2,372.6,2.9,27.3,94.4,3.5,1.2,75.3,467.0,6.2,16.2,6.7,1.9,24.8,6.3,50.6,0.8,1.2,2.0
2013,Wisconsin,13,34.8,16.7,27.3,61.1,197.1,1.7,42.8,283.8,6.6,2.7,70.2,480.8,6.9,8.9,12.6,0.5,22.0,4.2,37.2,0.3,1.2,1.5
2013,UCF,13,34.6,20.7,31.1,66.6,281.6,2.0,36.2,159.9,4.4,2.2,67.3,441.5,6.6,11.8,8.8,1.8,22.4,4.8,41.6,0.8,0.8,1.6
2013,South Carolina,13,34.1,18.4,29.5,62.4,253.8,2.3,41.3,198.5,4.8,2.1,70.8,452.3,6.4,11.2,10.3,0.9,22.4,5.3,41.8,1.0,0.3,1.3
2013,Troy,12,34.1,27.1,40.3,67.3,322.3,2.3,36.4,141.0,3.9,1.9,76.7,463.3,6.0,12.6,9.2,1.2,22.9,7.3,74.6,0.8,0.8,1.5
2013,Louisiana,13,33.8,15.1,24.5,61.4,212.2,1.6,43.4,204.5,4.7,2.5,67.9,416.8,6.1,9.5,11.0,1.2,21.8,5.2,50.3,0.6,1.1,1.7
2013,Miami (FL),13,33.8,17.4,29.5,58.9,265.5,1.9,33.5,160.3,4.8,1.9,63.1,425.8,6.8,9.7,7.8,1.5,19.0,5.5,44.8,0.6,1.1,1.7
2013,Arizona,13,33.5,17.9,29.5,60.8,193.5,1.2,49.8,264.9,5.3,2.8,79.2,458.5,5.8,8.9,13.5,1.5,23.9,4.0,36.8,0.7,0.5,1.2
2013,Navy,13,33.5,5.7,11.2,50.7,85.9,0.6,59.6,325.4,5.5,3.8,70.8,411.3,5.8,3.8,18.5,1.4,23.8,2.6,21.7,0.5,0.3,0.8
2013,Houston,13,33.2,23.0,39.8,57.7,280.5,2.3,33.5,139.0,4.2,1.5,73.3,419.5,5.7,11.5,7.7,2.5,21.7,7.5,67.8,0.6,0.8,1.4
2013,Kansas State,13,33.2,15.2,24.2,62.7,224.7,1.7,39.5,178.0,4.5,2.2,63.7,402.7,6.3,9.8,9.0,1.1,19.9,5.1,45.0,0.9,1.0,1.9
2013,Toledo,12,33.0,17.8,30.1,59.0,206.8,1.6,40.2,240.6,6.0,2.2,70.3,447.3,6.4,9.1,12.4,1.3,22.8,5.8,51.6,0.5,0.8,1.3
2013,Duke,14,32.8,21.3,33.7,63.1,248.1,1.9,38.9,178.0,4.6,2.0,72.6,426.1,5.9,10.8,9.9,0.6,21.3,4.6,40.7,0.4,1.4,1.8
2013,New Mexico,12,32.8,7.5,14.8,50.8,113.8,0.8,50.3,308.8,6.1,3.3,65.1,422.6,6.5,4.4,15.3,0.4,20.1,3.7,32.3,0.8,0.4,1.2
2013,Oklahoma,13,32.8,17.3,29.5,58.7,199.1,1.8,43.0,223.9,5.2,1.5,72.5,423.0,5.8,8.2,11.9,1.5,21.5,6.7,55.6,0.4,0.8,1.2
2013,North Carolina,13,32.7,21.8,34.8,62.5,277.4,2.2,37.7,148.3,3.9,1.5,72.5,425.7,5.9,12.2,7.9,1.3,21.5,7.4,63.9,0.5,0.8,1.4
2013,San Jose State,12,32.4,26.4,41.3,63.9,355.9,2.8,36.0,137.3,3.8,1.0,77.3,493.3,6.4,14.3,8.8,1.5,24.6,5.1,46.8,0.7,1.2,1.8
2013,Stanford,14,32.3,13.6,22.2,61.1,197.9,1.5,41.7,207.4,5.0,2.1,63.9,405.4,6.3,7.8,9.6,1.3,18.7,5.3,44.6,0.6,0.7,1.4
2013,Michigan,13,32.2,18.2,30.4,60.0,247.8,1.6,38.3,125.7,3.3,2.1,68.7,373.5,5.4,11.4,7.7,1.3,20.4,4.2,34.5,0.6,1.0,1.6
2013,Cincinnati,13,32.1,23.9,36.1,66.3,303.6,2.2,39.7,168.5,4.2,2.2,75.8,472.1,6.2,13.5,9.5,1.2,24.2,6.2,57.8,0.8,1.3,2.2
2013,Nebraska,13,31.9,16.8,29.1,57.7,196.7,1.9,44.9,215.7,4.8,1.8,74.0,412.4,5.6,9.8,11.1,1.3,22.2,5.9,52.0,1.2,1.0,2.2
2013,North Texas,13,31.8,20.1,30.9,64.9,229.8,1.2,42.2,180.7,4.3,2.4,73.2,410.5,5.6,10.8,9.5,1.2,21.5,6.3,52.8,0.7,1.1,1.8
2013,Utah State,14,31.8,21.2,34.3,61.9,233.4,2.1,42.3,178.1,4.2,1.5,76.6,411.5,5.4,11.1,9.1,1.9,22.1,6.0,55.9,0.6,0.7,1.4
2013,Wyoming,12,31.3,24.8,39.5,62.7,282.4,2.4,37.3,190.3,5.1,1.8,76.8,472.7,6.2,12.7,8.9,1.8,23.4,5.4,49.1,1.0,1.0,2.0
2013,Washington State,13,31.0,36.2,58.2,62.2,368.0,2.8,18.7,53.4,2.9,0.8,76.8,421.4,5.5,17.6,3.7,1.6,22.9,5.8,48.3,0.8,1.8,2.7
2013,Western Kentucky,12,30.8,22.2,33.9,65.4,261.5,1.3,39.0,197.0,5.1,2.6,72.9,458.5,6.3,11.8,10.8,1.3,23.9,6.2,46.6,1.3,1.3,2.6
2013,Buffalo,13,30.3,18.7,32.8,56.9,227.3,1.9,41.4,167.4,4.0,1.6,74.2,394.7,5.3,10.1,9.0,2.2,21.2,5.9,61.4,0.5,0.6,1.2
2013,Vanderbilt,13,30.1,18.7,28.9,64.6,227.5,1.2,38.8,139.0,3.6,2.6,67.7,366.5,5.4,9.2,8.2,1.4,18.8,4.8,39.8,0.5,1.2,1.8
2013,Ole Miss,13,30.0,23.8,37.7,63.3,283.3,1.8,40.6,190.0,4.7,1.7,78.3,473.3,6.0,12.4,10.5,1.5,24.4,5.5,41.6,0.6,1.0,1.6
2013,UNLV,13,29.9,23.0,37.2,61.9,238.8,2.1,39.0,172.5,4.4,1.9,76.2,411.4,5.4,12.0,10.3,1.4,23.7,3.5,31.2,0.4,0.8,1.2
2013,San Diego State,13,29.8,20.0,35.5,56.3,258.3,1.5,39.2,166.6,4.2,2.3,74.8,424.9,5.7,10.7,8.7,1.2,20.6,6.8,59.1,1.2,1.1,2.3
2013,Illinois,12,29.7,25.2,37.9,66.4,287.7,1.9,34.3,139.0,4.1,1.7,72.2,426.7,5.9,12.8,9.5,1.7,24.0,5.8,46.9,0.6,1.2,1.8
2013,USC,14,29.7,17.9,27.8,64.3,227.1,1.4,38.1,172.0,4.5,2.1,65.9,399.1,6.1,9.4,8.9,1.4,19.8,6.8,57.7,0.6,0.6,1.2
2013,Rice,14,29.6,12.6,24.8,51.0,178.2,1.4,49.9,227.4,4.6,2.2,74.7,405.6,5.4,7.6,12.6,1.3,21.6,5.3,45.3,0.7,0.6,1.4
2013,Michigan State,14,29.4,17.7,30.7,57.7,211.7,1.6,40.6,173.8,4.3,1.6,71.4,385.5,5.4,10.1,9.4,1.4,20.9,5.4,50.4,0.6,0.5,1.1
2013,South Alabama,12,29.4,19.3,32.8,58.6,252.8,1.3,40.7,172.8,4.2,2.1,73.5,425.5,5.8,10.9,9.6,1.7,22.2,5.3,45.8,0.3,0.8,1.1
2013,Texas,13,29.3,18.9,33.2,57.1,212.5,1.4,44.2,196.2,4.4,1.9,77.3,408.7,5.3,8.8,9.9,2.3,21.0,5.2,45.9,0.5,1.2,1.7
2013,Arkansas State,13,29.2,19.6,28.3,69.3,202.1,1.1,44.5,205.7,4.6,2.4,72.8,407.8,5.6,9.0,11.3,0.8,21.2,7.2,70.7,0.5,0.5,1.1
2013,Utah,12,29.2,17.3,32.6,53.2,236.3,1.8,39.4,160.8,4.1,1.6,72.0,397.0,5.5,9.2,9.0,1.5,19.7,4.7,45.2,0.3,1.8,2.1
2013,Middle Tennessee State,13,29.0,18.3,31.0,59.1,208.2,1.3,40.5,199.3,4.9,1.9,71.5,407.5,5.7,10.1,10.2,1.6,21.8,4.2,42.7,0.5,1.2,1.6
2013,Penn State,12,28.7,20.1,34.1,58.9,259.2,1.8,41.8,174.0,4.2,1.8,75.8,433.2,5.7,11.1,9.3,2.1,22.5,4.6,33.6,1.0,0.8,1.8
2013,Brigham Young,12,27.8,18.8,35.3,53.1,232.1,1.4,51.5,254.5,4.9,1.6,86.8,486.6,5.6,11.3,12.3,1.6,25.3,7.8,66.3,0.6,0.9,1.5
2013,Boston College,13,27.7,12.6,20.6,61.2,154.8,1.3,40.2,212.5,5.3,1.8,60.8,367.2,6.0,6.9,8.5,0.9,16.3,3.6,30.7,0.7,0.6,1.3
2013,Mississippi State,13,27.7,19.5,33.0,59.0,244.5,1.4,40.5,189.9,4.7,2.2,73.5,434.4,5.9,11.2,11.2,1.2,23.5,4.9,39.6,0.5,0.9,1.4
2013,Hawaii,12,27.4,24.7,43.3,56.9,301.4,2.6,35.7,114.6,3.2,1.0,79.0,416.0,5.3,13.3,7.0,1.4,21.8,7.5,68.4,1.0,1.8,2.8
2013,Ohio,13,27.4,19.7,32.7,60.2,245.4,1.7,35.5,134.0,3.8,1.2,68.2,379.4,5.6,10.8,6.8,2.0,19.6,5.7,54.8,0.8,1.0,1.8
2013,Notre Dame,13,27.2,17.4,33.0,52.7,254.8,2.1,33.8,150.6,4.5,0.9,66.8,405.5,6.1,11.5,7.3,1.8,20.5,5.6,46.0,0.3,1.0,1.3
2013,Nevada,12,26.9,22.8,34.5,66.2,247.3,1.4,46.7,181.9,3.9,1.9,81.2,429.3,5.3,12.0,9.6,1.6,23.2,5.8,46.1,0.5,0.4,0.9
2013,SMU,12,26.8,33.3,51.6,64.6,341.4,1.9,27.2,93.8,3.5,1.1,78.8,435.2,5.5,15.9,4.9,2.2,23.0,7.5,64.2,1.0,1.0,2.0
2013,Rutgers,13,26.5,18.5,34.0,54.3,235.6,1.7,35.0,129.5,3.7,1.3,69.0,365.2,5.3,10.3,7.5,1.8,19.5,6.5,53.8,0.6,1.7,2.3
2013,Florida Atlantic,12,26.4,16.3,29.4,55.5,197.9,1.3,41.6,182.5,4.4,1.8,71.0,380.4,5.4,8.9,8.8,1.7,19.4,4.8,40.5,0.8,0.9,1.8
2013,Iowa,13,26.3,16.4,28.8,56.8,197.1,1.5,42.8,179.9,4.2,1.4,71.7,377.0,5.3,8.7,9.7,1.3,19.7,4.0,32.7,0.5,1.2,1.7
2013,UAB,12,26.3,15.4,29.4,52.4,214.8,1.6,38.0,178.6,4.7,1.4,67.4,393.4,5.8,9.2,9.6,1.3,20.0,6.0,48.8,0.9,0.8,1.7
2013,West Virginia,12,26.3,20.9,38.7,54.1,262.1,1.3,35.6,148.7,4.2,1.5,74.3,410.8,5.5,11.8,6.4,2.3,20.5,5.3,49.0,1.3,1.3,2.7
2013,Maryland,13,26.2,17.7,31.9,55.4,248.5,1.4,36.6,148.4,4.1,1.4,68.5,396.9,5.8,10.0,7.5,1.5,18.9,4.5,36.3,1.3,0.8,2.1
2013,Northwestern,12,26.2,20.1,31.8,63.1,227.2,1.3,42.3,172.4,4.1,1.3,74.1,399.6,5.4,11.3,9.2,0.8,21.3,4.1,34.8,0.6,1.1,1.7
2013,Minnesota,13,25.7,10.5,20.5,51.3,148.1,0.9,45.1,195.2,4.3,1.8,65.6,343.3,5.2,7.2,10.3,0.8,18.3,4.4,36.1,0.7,0.5,1.2
2013,Pitt,12,25.6,19.4,31.9,60.8,247.5,1.7,33.9,114.0,3.4,1.3,65.8,361.5,5.5,11.1,7.3,1.0,19.3,5.4,41.1,0.7,0.8,1.4
2013,UTSA,12,25.6,21.6,34.3,62.9,242.4,1.1,35.4,174.9,4.9,1.9,69.8,417.3,6.0,11.6,9.0,1.3,21.9,6.3,55.5,0.7,1.1,1.8
2013,TCU,12,25.1,20.0,34.9,57.3,226.3,1.2,33.6,118.6,3.5,1.7,68.5,344.8,5.0,9.3,6.7,1.8,17.8,6.6,54.1,1.1,1.4,2.5
2013,Temple,12,24.9,19.6,34.8,56.2,249.7,1.9,35.2,149.3,4.2,1.4,70.0,399.0,5.7,9.8,9.8,1.3,20.8,6.4,53.4,0.8,0.9,1.7
2013,Iowa State,12,24.8,19.3,34.6,55.9,219.2,1.6,40.7,143.9,3.5,1.3,75.3,363.1,4.8,9.8,8.7,0.5,18.9,5.5,47.0,0.7,1.2,1.8
2013,Tulane,13,24.8,16.8,31.5,53.5,184.5,1.5,35.5,126.1,3.6,1.2,66.9,310.6,4.6,8.4,6.5,1.8,16.7,7.1,63.2,0.6,1.2,1.8
2013,Air Force,12,24.7,7.8,14.5,53.4,104.9,0.7,53.1,262.7,4.9,2.5,67.6,367.6,5.4,4.6,13.5,1.1,19.2,4.4,36.3,0.8,0.3,1.1
2013,Army,12,24.4,6.3,12.8,48.7,77.6,0.3,57.8,309.8,5.4,2.8,70.6,387.3,5.5,2.9,16.5,1.5,20.9,3.8,32.1,1.1,0.3,1.4
2013,Texas State,12,23.9,13.8,25.2,55.0,154.8,0.9,39.2,172.2,4.4,1.8,64.3,326.9,5.1,6.8,8.3,1.1,16.1,7.3,63.7,0.5,0.9,1.4
2013,Colorado,11,23.8,20.0,35.5,56.4,253.7,1.8,35.5,112.0,3.2,0.5,70.9,365.7,5.2,11.0,6.3,2.2,19.5,4.5,39.6,0.9,1.4,2.3
2013,Tennessee,12,23.8,15.9,28.7,55.5,164.9,1.0,38.3,188.4,4.9,1.5,67.0,353.3,5.3,6.9,9.8,1.9,19.4,4.6,37.9,0.6,1.4,2.0
2013,Central Michigan,12,23.3,16.0,28.8,55.5,208.3,1.3,34.2,132.8,3.9,1.3,63.0,341.1,5.4,9.4,7.1,0.8,17.3,4.3,41.8,0.8,1.4,2.3
2013,California,12,23.0,30.7,51.8,59.2,331.4,1.8,35.3,122.2,3.5,0.8,87.2,453.6,5.2,15.3,7.2,1.8,24.3,7.1,67.5,1.2,1.2,2.3
2013,North Carolina State,12,22.8,20.8,35.5,58.5,240.8,1.2,43.3,162.7,3.8,1.2,78.8,403.5,5.1,11.3,8.3,1.2,20.8,5.8,43.3,0.5,1.3,1.8
2013,Syracuse,13,22.7,18.6,31.2,59.8,182.0,1.0,42.5,194.8,4.6,1.9,73.7,376.8,5.1,9.1,9.3,0.9,19.3,7.6,61.8,0.4,1.3,1.7
2013,Virginia Tech,13,22.5,18.7,33.2,56.3,236.2,1.2,37.9,119.8,3.2,1.3,71.2,356.0,5.0,10.5,6.4,1.1,17.9,6.6,51.7,0.3,1.2,1.5
2013,Louisiana-Monroe,12,22.3,21.8,39.3,55.6,237.5,1.8,32.3,122.8,3.8,0.8,71.6,360.3,5.0,9.8,6.2,1.7,17.6,5.1,41.9,0.8,1.2,1.9
2013,UTEP,12,21.8,14.1,24.3,57.9,163.3,1.2,44.4,184.4,4.2,1.4,68.8,347.7,5.1,7.3,9.6,1.3,18.2,4.0,34.8,0.7,0.8,1.5
2013,Tulsa,12,21.1,17.5,35.8,49.0,191.4,1.0,40.3,164.8,4.1,1.3,76.0,356.2,4.7,8.4,9.8,1.5,19.8,3.1,26.0,1.3,1.6,2.8
2013,Kent State,12,20.8,17.4,30.3,57.6,186.5,1.2,36.2,182.4,5.0,1.3,66.4,368.9,5.6,9.0,8.4,1.5,18.9,6.2,53.4,0.7,0.8,1.4
2013,Arkansas,12,20.7,12.5,25.1,49.8,148.5,1.3,39.5,208.7,5.3,1.2,64.6,357.2,5.5,7.5,10.1,0.9,18.5,4.1,38.4,1.0,0.9,1.9
2013,Connecticut,12,20.6,20.1,36.6,54.9,234.2,1.3,32.3,84.2,2.6,1.0,68.8,318.3,4.6,10.8,5.5,1.8,18.1,4.7,40.8,0.6,1.5,2.1
2013,Kentucky,12,20.5,17.0,28.6,59.5,193.4,1.2,35.9,147.9,4.1,1.3,64.5,341.3,5.3,7.8,8.3,1.6,17.7,5.8,49.4,0.8,0.5,1.3
2013,Akron,12,20.2,19.5,34.9,55.8,219.4,1.5,34.8,122.6,3.5,1.0,69.8,342.0,4.9,10.2,7.2,1.6,18.9,6.5,53.5,0.9,0.8,1.8
2013,Virginia,12,19.8,23.1,42.2,54.7,211.8,0.8,40.8,156.6,3.8,1.5,82.9,368.4,4.4,11.8,7.7,1.6,21.1,6.8,54.9,0.8,1.4,2.2
2013,New Mexico State,11,19.7,21.9,34.2,64.1,240.9,1.5,36.3,135.6,3.7,1.1,70.5,376.5,5.3,10.5,7.5,0.9,19.0,4.0,35.9,1.1,1.0,2.1
2013,Memphis,11,19.4,17.4,30.8,56.3,171.7,0.7,36.3,137.0,3.8,1.1,67.1,308.7,4.6,8.5,7.5,1.7,17.7,7.3,67.2,1.3,0.9,2.2
2013,Louisiana Tech,12,19.2,21.2,37.3,56.7,206.0,0.8,34.2,160.2,4.7,1.2,71.5,366.2,5.1,9.5,8.1,1.9,19.5,4.8,43.3,1.2,1.3,2.4
2013,Eastern Michigan,12,18.8,14.8,28.0,53.0,178.1,1.2,37.0,157.8,4.3,1.1,65.0,335.8,5.2,8.2,8.8,1.7,18.6,5.3,42.8,0.8,1.2,1.9
2013,Florida,12,18.8,16.6,25.9,64.0,170.9,0.9,40.2,145.8,3.6,1.2,66.1,316.7,4.8,7.8,8.7,1.3,17.8,7.4,59.3,0.9,0.8,1.7
2013,Georgia State,12,18.8,18.2,35.8,50.7,253.0,1.5,30.3,102.3,3.4,0.8,66.2,355.3,5.4,10.2,5.3,1.9,17.3,6.4,47.4,0.9,1.0,1.9
2013,Wake Forest,12,18.3,18.3,34.5,52.9,196.6,1.2,32.3,94.2,2.9,0.9,66.8,290.8,4.4,8.8,6.6,1.2,16.6,5.9,49.7,0.8,1.2,1.9
2013,Idaho,12,18.2,18.7,35.3,52.8,230.8,1.3,41.8,138.9,3.3,1.0,77.1,369.8,4.8,8.7,8.7,1.9,19.3,6.7,58.9,1.2,1.1,2.3
2013,Western Michigan,12,17.2,17.9,36.5,49.1,211.0,1.0,32.4,116.2,3.6,0.8,68.9,327.2,4.7,9.7,6.6,1.4,17.7,6.9,60.6,0.7,1.5,2.2
2013,Southern Mississippi,12,17.1,20.8,40.4,51.3,242.6,1.6,27.9,72.9,2.6,0.4,68.3,315.5,4.6,10.6,4.5,2.3,17.4,5.6,42.3,1.0,2.2,3.2
2013,Kansas,12,15.3,12.8,27.4,46.8,140.4,0.8,41.3,154.3,3.7,1.0,68.8,294.7,4.3,5.7,8.0,0.8,14.5,7.3,59.4,0.9,1.0,1.9
2013,Purdue,12,14.9,19.6,35.5,55.2,215.8,1.3,26.6,67.1,2.5,0.5,62.1,282.9,4.6,9.4,4.8,0.7,14.8,5.1,42.9,0.8,1.1,1.8
2013,South Florida,12,13.8,13.8,29.8,46.5,166.8,0.6,29.8,89.6,3.0,0.3,59.6,256.4,4.3,7.4,4.0,1.4,12.8,8.5,72.7,1.0,1.3,2.3
2013,Massachusetts,12,11.7,14.8,28.3,52.2,156.4,0.8,37.3,125.2,3.4,0.4,65.6,281.6,4.3,7.4,6.7,1.1,15.2,5.0,43.3,0.7,1.5,2.2
2013,Florida International,12,9.8,12.8,24.4,52.2,142.8,0.7,37.1,79.7,2.1,0.4,61.5,222.4,3.6,6.1,5.8,1.2,13.1,4.8,41.2,0.8,0.8,1.7
2013,Miami (OH),12,9.8,10.9,23.8,45.8,124.3,0.7,37.6,101.6,2.7,0.4,61.4,225.8,3.7,5.7,6.3,1.1,13.0,4.3,34.2,0.8,0.9,1.8
2014,Baylor,13,48.2,24.8,39.9,62.2,365.9,2.9,47.6,215.5,4.5,3.3,87.5,581.5,6.6,14.8,13.2,2.1,30.1,9.8,88.4,0.4,0.6,1.0
2014,TCU,13,46.5,25.0,40.7,61.4,326.2,2.8,39.2,206.8,5.3,2.5,79.8,533.0,6.7,13.3,10.7,1.5,25.5,6.3,59.0,0.8,0.8,1.7
2014,Marshall,14,45.6,19.9,33.8,59.0,287.3,2.9,39.9,271.9,6.8,2.9,73.7,559.2,7.6,13.1,11.5,1.6,26.1,8.5,80.3,0.8,0.9,1.7
2014,Oregon,15,45.4,21.7,31.6,68.8,312.5,2.9,42.9,234.5,5.5,2.8,74.5,547.0,7.3,13.2,12.2,1.7,27.1,8.2,72.0,0.5,0.3,0.7
2014,Ohio State,15,44.8,17.3,27.3,63.6,247.1,2.8,46.0,264.5,5.7,2.7,73.3,511.6,7.0,10.0,14.5,1.3,25.7,5.6,47.4,0.9,0.8,1.7
2014,Western Kentucky,13,44.4,29.1,42.8,67.9,374.3,3.8,33.0,160.3,4.9,1.6,75.8,534.6,7.0,16.6,8.6,1.8,27.0,5.8,57.2,0.6,0.8,1.4
2014,Michigan State,13,43.0,18.2,30.8,59.0,265.6,2.0,45.7,235.2,5.1,3.4,76.5,500.8,6.5,11.8,11.8,1.1,24.7,6.2,58.0,0.5,0.7,1.2
2014,Georgia,13,41.3,16.7,24.8,67.4,199.9,1.8,42.6,258.8,6.1,2.9,67.4,458.8,6.8,9.7,11.8,1.4,22.9,5.0,41.5,0.5,0.5,1.0
2014,Boise State,14,39.7,22.1,32.2,68.7,280.4,1.9,43.5,213.9,4.9,2.8,75.7,494.3,6.5,12.4,10.6,1.2,24.1,6.6,57.2,0.6,1.1,1.7
2014,California,12,38.3,27.3,44.5,61.4,345.3,3.1,36.6,149.0,4.1,1.8,81.1,494.3,6.1,15.6,8.3,2.7,26.5,8.9,82.6,0.8,0.8,1.7
2014,Georgia Tech,14,37.9,7.6,14.5,52.2,134.4,1.4,56.4,342.1,6.1,3.4,70.9,476.5,6.7,5.6,18.5,0.9,25.0,4.9,41.1,0.9,0.4,1.3
2014,Nebraska,13,37.8,14.6,27.6,52.9,212.1,1.8,45.2,240.2,5.3,2.7,72.8,452.3,6.2,8.8,11.5,2.0,22.3,5.8,50.4,1.0,0.9,1.9
2014,Louisiana Tech,14,37.4,19.3,33.4,57.8,252.2,2.1,35.0,148.6,4.2,2.3,68.4,400.8,5.9,10.4,7.6,2.1,20.0,4.9,39.6,0.9,0.9,1.9
2014,Brigham Young,13,37.1,22.2,37.2,59.8,278.7,2.5,43.6,181.8,4.2,2.2,80.8,460.5,5.7,12.3,11.0,1.7,25.0,8.5,80.9,1.2,0.9,2.1
2014,Alabama,14,36.9,20.7,32.2,64.3,277.9,2.3,40.5,206.6,5.1,2.5,72.7,484.5,6.7,12.1,11.0,1.1,24.3,4.9,40.1,0.9,0.7,1.6
2014,Arizona State,13,36.9,21.6,35.9,60.2,273.5,2.6,39.1,168.8,4.3,1.5,75.0,442.3,5.9,12.8,8.5,1.9,23.2,4.5,32.4,0.3,0.7,1.0
2014,Mississippi State,13,36.9,20.1,32.5,61.7,280.7,2.4,44.5,233.1,5.2,2.2,77.0,513.8,6.7,12.2,12.3,1.2,25.7,5.2,39.5,0.8,0.9,1.8
2014,Arkansas State,13,36.7,21.2,34.5,61.6,260.1,1.9,44.3,216.4,4.9,2.7,78.8,476.5,6.0,10.7,11.2,1.5,23.4,8.0,69.6,1.1,0.6,1.7
2014,Toledo,13,36.6,18.7,30.5,61.2,234.2,1.8,44.3,256.4,5.8,2.7,74.8,490.5,6.6,10.5,12.5,1.7,24.7,6.0,51.5,0.6,0.7,1.3
2014,Oklahoma,13,36.4,16.2,29.7,54.4,203.5,1.3,42.8,261.2,6.1,3.1,72.5,464.7,6.4,9.1,12.4,1.1,22.5,5.4,49.8,0.5,1.3,1.8
2014,Memphis,13,36.2,20.2,32.2,62.7,236.6,1.8,45.7,190.5,4.2,2.4,77.8,427.1,5.5,11.5,9.1,2.1,22.6,6.2,58.8,0.8,0.7,1.5
2014,East Carolina,13,35.8,30.9,49.0,63.1,371.9,2.4,33.3,161.1,4.8,2.2,82.3,533.0,6.5,18.3,8.2,2.5,29.1,8.4,77.2,0.9,0.8,1.8
2014,Kansas State,13,35.8,20.8,31.9,65.3,287.4,1.8,36.6,134.2,3.7,2.3,68.5,421.6,6.2,12.5,8.0,2.2,22.6,4.4,39.3,0.4,0.6,1.0
2014,USC,13,35.8,24.5,35.4,69.1,296.6,3.0,40.2,161.0,4.0,1.4,75.6,457.6,6.1,12.7,9.4,1.6,23.7,8.8,78.7,0.5,0.4,0.9
2014,Auburn,13,35.5,16.0,25.5,62.7,229.5,1.8,46.7,255.5,5.5,2.5,72.2,485.0,6.7,10.2,13.2,0.8,24.2,7.1,68.9,1.0,0.5,1.5
2014,Georgia Southern,10,35.2,7.8,13.8,56.5,107.8,0.4,52.8,358.7,6.8,4.2,66.6,466.5,7.0,4.0,16.4,0.7,21.1,4.7,46.0,0.8,0.3,1.1
2014,Texas A&M,13,35.2,25.5,39.5,64.6,305.5,3.0,32.4,149.9,4.6,1.5,71.9,455.4,6.3,13.8,8.2,1.2,23.1,5.2,50.6,0.4,1.2,1.5
2014,Appalachian State,10,34.8,16.6,26.9,61.7,213.6,1.8,46.7,252.5,5.4,2.6,73.6,466.1,6.3,9.1,12.0,2.8,23.9,6.9,56.9,1.0,0.8,1.8
2014,Wisconsin,14,34.6,12.6,23.0,55.0,148.7,1.1,46.3,320.1,6.9,3.3,69.3,468.9,6.8,7.4,13.5,1.1,22.0,4.6,43.4,0.7,1.1,1.9
2014,Arizona,14,34.5,22.9,40.3,56.7,281.8,2.1,41.1,181.9,4.4,1.9,81.4,463.7,5.7,12.6,9.1,3.0,24.7,6.6,62.9,0.6,0.7,1.3
2014,Cincinnati,13,34.0,22.6,37.8,59.9,303.6,2.7,34.9,156.5,4.5,1.4,72.7,460.2,6.3,14.2,7.9,1.7,23.8,4.5,41.7,0.6,1.1,1.7
2014,Colorado State,13,33.9,22.0,34.4,64.0,321.6,2.6,33.5,159.3,4.8,1.8,67.8,480.9,7.1,13.5,8.1,1.4,23.0,5.5,54.7,0.8,0.5,1.3
2014,Texas State,12,33.8,20.8,31.8,65.4,225.9,1.8,44.9,238.5,5.3,2.4,76.8,464.4,6.1,10.3,11.8,1.1,23.2,6.3,59.0,0.4,0.6,1.0
2014,Western Michigan,13,33.8,19.5,28.6,68.0,267.3,2.0,38.7,170.8,4.4,2.2,67.3,438.2,6.5,10.6,9.0,1.1,20.7,5.3,51.2,0.8,0.8,1.5
2014,Florida State,14,33.7,23.6,36.9,64.0,303.3,1.9,32.2,138.1,4.3,1.9,69.1,441.4,6.4,13.4,7.9,1.7,23.0,6.2,47.7,0.9,1.4,2.3
2014,UCLA,13,33.5,22.9,33.5,68.5,258.3,1.8,42.8,209.5,4.9,2.0,76.3,467.8,6.1,10.9,11.1,1.4,23.4,8.0,75.3,0.8,0.5,1.2
2014,West Virginia,13,33.5,26.2,41.1,63.7,317.0,2.0,43.3,182.8,4.2,1.4,84.4,499.8,5.9,13.5,9.6,2.8,25.9,6.5,58.2,1.5,0.8,2.2
2014,North Carolina,13,33.2,24.2,39.2,61.9,278.0,2.2,38.2,151.8,4.0,2.0,77.3,429.8,5.6,12.1,9.8,2.0,23.8,7.6,63.2,0.8,1.0,1.8
2014,UAB,12,33.2,16.8,27.2,61.7,219.3,1.3,51.2,212.5,4.2,2.3,78.3,431.8,5.5,8.5,12.6,1.1,22.2,6.4,56.2,0.8,1.0,1.8
2014,Notre Dame,13,32.8,21.3,35.6,59.8,285.5,2.3,37.2,159.5,4.3,1.8,72.8,444.9,6.1,12.9,9.0,1.8,23.8,4.5,37.5,0.9,1.1,2.0
2014,South Carolina,13,32.6,21.3,36.0,59.2,282.4,2.2,36.8,161.0,4.4,1.8,72.8,443.4,6.1,11.5,10.1,1.8,23.5,5.4,46.6,0.8,0.8,1.6
2014,Duke,13,32.4,20.6,36.2,56.9,216.5,1.8,37.8,181.8,4.8,1.8,74.1,398.3,5.4,10.0,10.2,1.8,22.0,4.9,38.7,0.5,0.6,1.2
2014,Buffalo,11,32.3,21.3,33.3,63.9,259.1,2.9,40.3,178.6,4.4,1.5,73.5,437.7,6.0,11.1,8.8,2.3,22.2,5.3,53.0,0.5,1.1,1.6
2014,Arkansas,13,31.9,15.3,27.6,55.4,188.0,1.6,42.8,218.0,5.1,2.4,70.5,406.0,5.8,9.2,11.2,1.7,22.2,5.2,44.7,0.8,0.5,1.3
2014,Old Dominion,11,31.9,23.7,38.0,62.4,293.5,2.5,29.9,145.9,4.9,1.7,67.9,439.5,6.5,12.9,7.5,1.8,22.2,3.6,37.3,0.4,1.3,1.6
2014,Navy,13,31.8,4.8,10.0,47.7,81.4,0.7,55.9,338.1,6.0,3.5,65.9,419.5,6.4,2.8,17.1,0.8,20.7,2.6,27.2,1.3,0.4,1.7
2014,Pitt,13,31.8,14.5,23.7,61.0,185.9,1.3,46.8,249.4,5.3,2.7,70.5,435.3,6.2,8.2,14.0,1.5,23.7,6.4,53.4,0.9,0.5,1.5
2014,Washington State,12,31.8,42.5,64.3,66.1,477.7,3.8,20.3,39.8,2.0,0.4,84.5,517.5,6.1,20.9,3.8,2.5,27.2,7.8,67.7,0.6,1.5,2.1
2014,Middle Tennessee State,12,31.6,18.7,28.6,65.3,217.5,1.4,44.2,213.8,4.8,2.6,72.8,431.3,5.9,9.2,11.1,0.9,21.2,6.5,57.5,0.9,1.1,2.0
2014,Air Force,13,31.5,9.0,15.8,56.8,145.6,1.2,61.2,273.1,4.5,2.6,77.1,418.7,5.4,5.7,15.2,1.2,22.1,3.5,35.4,1.0,0.3,1.3
2014,Northern Illinois,14,31.5,16.4,27.5,59.5,192.1,1.4,49.1,249.1,5.1,2.6,76.6,441.2,5.8,8.6,13.1,1.1,22.8,5.9,56.7,0.6,0.2,0.9
2014,Utah,13,31.3,17.6,29.1,60.6,197.7,1.5,43.5,190.4,4.4,1.6,72.5,388.1,5.3,8.6,9.7,1.2,19.5,5.9,54.0,0.6,0.6,1.2
2014,Louisville,13,31.2,18.2,32.9,55.4,252.0,1.6,39.3,142.7,3.6,2.2,72.2,394.7,5.5,10.2,8.9,1.2,20.4,6.9,49.3,1.2,0.8,2.0
2014,Clemson,13,30.8,22.5,34.7,64.7,261.8,1.8,41.5,146.5,3.5,1.5,76.2,408.3,5.4,11.2,8.1,1.3,20.5,4.0,35.1,0.5,0.9,1.4
2014,Texas Tech,12,30.5,27.7,46.6,59.4,351.1,3.3,29.6,153.0,5.2,0.7,76.2,504.1,6.6,14.8,7.9,1.9,24.7,9.3,89.2,0.8,1.5,2.3
2014,Florida,12,30.3,14.1,27.0,52.2,179.9,1.5,43.1,187.7,4.4,1.8,70.1,367.6,5.2,7.2,9.3,1.1,17.5,6.7,59.2,0.8,1.2,2.0
2014,North Carolina State,13,30.2,17.2,29.3,58.8,204.0,1.8,39.1,204.5,5.2,2.0,68.4,408.5,6.0,9.4,10.8,1.5,21.7,4.8,42.9,0.7,0.5,1.2
2014,Washington,14,30.2,18.2,28.6,63.8,200.1,1.4,43.4,188.6,4.3,1.6,71.9,388.6,5.4,8.6,9.9,1.4,20.0,7.0,61.8,0.8,0.4,1.2
2014,Bowling Green State,14,30.0,22.6,39.1,58.0,259.9,1.2,39.7,173.0,4.4,2.1,78.8,432.9,5.5,11.3,8.6,2.4,22.2,7.9,62.3,0.7,0.9,1.6
2014,Houston,13,29.8,20.9,34.6,60.4,230.2,1.4,38.1,183.9,4.8,2.2,72.7,414.2,5.7,9.5,10.0,2.5,22.0,6.5,59.3,0.5,1.2,1.7
2014,Louisiana,13,29.5,18.3,28.5,64.3,191.5,1.2,42.2,225.9,5.4,2.4,70.6,417.4,5.9,8.6,12.5,0.7,21.8,5.0,40.7,0.4,0.7,1.1
2014,Kentucky,12,29.2,19.0,33.8,56.3,231.2,1.2,37.0,153.2,4.1,1.8,70.8,384.3,5.4,9.0,8.8,1.5,19.3,5.5,50.3,0.3,0.9,1.3
2014,Miami (FL),13,29.2,17.5,30.1,58.1,249.9,2.0,34.3,180.4,5.3,1.5,64.4,430.3,6.7,9.8,8.8,1.3,19.8,7.2,63.6,0.9,0.9,1.8
2014,Nevada,13,29.2,18.4,31.2,58.9,192.2,1.4,43.1,205.5,4.8,2.1,74.3,397.6,5.4,9.4,10.5,1.2,21.1,5.6,49.7,0.4,0.8,1.2
2014,Tennessee,13,28.9,21.6,34.8,62.0,224.2,1.8,40.3,146.4,3.6,1.5,75.2,370.5,4.9,10.7,9.1,1.5,21.3,4.2,34.2,0.6,1.1,1.7
2014,Rice,13,28.8,15.7,27.1,58.0,231.5,1.9,43.9,167.8,3.8,1.7,71.0,399.2,5.6,9.2,9.0,1.2,19.4,5.9,53.5,0.3,0.6,0.9
2014,Colorado,12,28.5,29.0,45.4,63.9,284.1,2.4,37.6,155.0,4.1,1.1,83.0,439.1,5.3,13.3,8.4,3.0,24.7,7.2,67.8,0.5,1.3,1.8
2014,Maryland,13,28.5,17.5,32.2,54.5,220.2,1.5,32.9,121.8,3.7,1.6,65.1,342.1,5.3,9.2,6.8,1.5,17.5,5.9,52.1,0.6,1.1,1.7
2014,Minnesota,13,28.4,9.8,19.5,50.0,141.8,0.9,46.1,215.5,4.7,2.5,65.6,357.3,5.4,5.8,11.4,1.1,18.3,5.3,46.5,0.8,0.7,1.5
2014,Ole Miss,13,28.3,19.8,32.9,60.3,263.6,1.8,36.6,155.5,4.2,1.6,69.5,419.1,6.0,11.5,7.5,1.5,20.4,5.3,42.2,0.8,1.2,1.9
2014,Iowa,13,28.2,20.4,33.6,60.6,237.0,1.6,39.5,163.1,4.1,1.7,73.2,400.1,5.5,10.0,9.5,2.1,21.5,3.5,29.5,1.2,0.5,1.7
2014,UCF,13,28.1,17.9,32.0,56.0,235.3,1.8,40.5,128.3,3.2,1.5,72.5,363.6,5.0,9.6,8.5,2.4,20.5,5.8,54.3,1.1,1.2,2.2
2014,Missouri,14,27.8,15.8,29.6,53.3,189.1,1.8,38.5,177.9,4.6,1.2,68.1,367.0,5.4,8.7,9.2,1.4,19.2,7.3,58.2,0.2,0.9,1.1
2014,Ball State,12,27.7,19.3,34.1,56.7,215.8,1.6,37.3,153.4,4.1,1.3,71.4,369.3,5.2,10.4,8.0,1.9,20.3,4.2,40.8,0.7,0.6,1.3
2014,New Mexico,12,27.7,6.3,12.4,51.0,88.3,0.6,48.6,310.4,6.4,2.8,61.0,398.7,6.5,3.4,12.8,0.8,17.0,4.4,43.3,1.0,0.5,1.5
2014,LSU,13,27.6,10.6,21.2,50.2,162.9,1.3,47.8,224.5,4.7,1.9,69.0,387.5,5.6,6.5,12.2,1.5,20.2,5.5,45.8,0.6,0.7,1.3
2014,Oklahoma State,13,27.6,17.1,30.8,55.4,242.2,1.5,38.9,136.6,3.5,1.4,69.8,378.8,5.4,9.8,7.1,2.0,18.9,6.1,53.8,0.4,1.3,1.7
2014,Massachusetts,12,27.3,22.4,41.0,54.7,311.8,2.3,32.3,109.3,3.4,1.3,73.3,421.0,5.7,12.9,6.6,2.7,22.2,6.1,51.4,0.8,1.1,1.9
2014,North Texas,12,27.2,15.1,27.6,54.7,172.8,1.1,39.3,152.9,3.9,1.8,66.9,325.7,4.9,7.2,8.8,1.8,17.8,5.3,52.5,0.8,1.1,1.8
2014,Stanford,13,27.2,19.1,29.3,65.1,229.8,1.5,36.7,158.8,4.3,1.7,66.0,388.6,5.9,11.5,7.3,1.7,20.5,5.8,48.5,1.0,0.6,1.6
2014,Central Michigan,13,26.9,18.7,29.4,63.6,242.8,2.1,38.8,155.2,4.0,1.5,68.2,398.1,5.8,11.4,9.0,1.7,22.2,5.4,46.5,1.1,1.0,2.1
2014,Utah State,14,26.9,17.4,27.8,62.5,198.7,1.4,36.6,180.1,4.9,1.6,64.4,378.8,5.9,7.1,8.6,1.7,17.4,7.2,65.6,0.7,0.8,1.5
2014,Rutgers,13,26.7,15.3,27.5,55.7,227.4,1.7,37.6,162.6,4.3,1.6,65.1,390.0,6.0,8.8,9.0,0.8,18.5,4.7,41.9,0.5,1.0,1.5
2014,UTEP,13,26.6,12.2,22.1,55.4,142.9,0.9,44.0,208.5,4.7,2.1,66.1,351.4,5.3,5.5,10.6,1.2,17.4,5.0,39.8,0.5,0.5,0.9
2014,Fresno State,14,26.5,21.4,37.9,56.4,223.7,1.8,40.4,182.4,4.5,1.6,78.3,406.1,5.2,9.9,9.0,2.2,21.1,4.2,39.0,0.4,1.5,1.9
2014,Boston College,13,26.2,10.4,18.7,55.6,129.3,1.0,48.8,254.7,5.2,2.4,67.5,384.0,5.7,5.6,12.1,1.4,19.1,4.5,38.3,0.2,0.8,1.0
2014,Illinois,13,25.9,22.1,36.2,61.1,249.8,1.9,31.8,117.5,3.7,1.2,67.9,367.2,5.4,10.4,6.5,2.2,19.1,6.1,51.5,0.8,0.9,1.7
2014,Virginia,12,25.8,20.7,36.0,57.4,236.4,1.5,37.6,137.8,3.7,1.1,73.6,374.2,5.1,11.4,7.3,1.8,20.5,6.5,57.8,0.7,1.3,2.0
2014,Oregon State,12,25.7,24.2,39.3,61.4,275.4,1.3,31.3,118.2,3.8,1.6,70.7,393.6,5.6,11.5,6.5,2.8,20.8,8.9,79.8,0.5,0.7,1.2
2014,Indiana,12,25.1,14.0,26.1,53.7,141.4,0.6,44.9,263.6,5.9,2.4,71.0,405.0,5.7,6.1,11.2,1.6,18.8,6.5,60.7,0.8,0.8,1.6
2014,Idaho,11,25.0,23.3,40.2,57.9,271.9,1.2,39.7,140.6,3.5,2.0,79.9,412.5,5.2,12.1,8.9,2.4,23.4,6.7,64.7,0.6,1.8,2.5
2014,San Diego State,13,25.0,14.1,26.8,52.4,178.4,0.8,39.8,216.1,5.4,2.0,66.6,394.5,5.9,8.1,9.9,1.4,19.4,5.9,53.4,0.5,1.2,1.7
2014,Army,12,24.9,4.2,8.8,47.6,62.3,0.3,55.3,296.3,5.4,2.8,64.1,358.6,5.6,2.1,15.1,0.9,18.1,4.1,34.8,0.9,0.2,1.1
2014,Tulsa,12,24.7,21.9,40.1,54.7,264.7,1.9,39.8,147.8,3.7,0.9,79.8,412.5,5.2,11.7,8.9,1.9,22.5,6.5,64.0,0.4,1.5,1.9
2014,New Mexico State,12,24.5,23.2,37.7,61.5,238.3,1.6,39.3,178.3,4.5,1.6,76.9,416.5,5.4,11.2,9.0,1.3,21.4,4.8,35.6,0.8,2.0,2.8
2014,Virginia Tech,13,24.1,20.8,35.1,59.4,217.4,1.5,39.0,147.9,3.8,0.9,74.1,365.3,4.9,10.0,8.1,2.0,20.1,7.5,59.2,0.8,1.2,2.0
2014,Florida Atlantic,12,24.0,17.2,30.4,56.4,199.5,1.5,36.9,163.6,4.4,1.2,67.3,363.1,5.4,9.0,8.3,1.0,18.3,4.3,39.5,1.1,0.4,1.5
2014,Purdue,12,23.8,19.4,36.2,53.7,187.4,1.3,33.5,157.2,4.7,1.4,69.7,344.6,4.9,8.3,7.9,1.0,17.3,4.9,41.9,0.7,1.3,2.0
2014,Iowa State,12,23.2,23.5,42.5,55.3,248.4,1.8,33.5,124.1,3.7,1.0,76.0,372.5,4.9,11.8,7.7,1.9,21.3,4.3,40.8,0.4,0.9,1.3
2014,Temple,12,23.1,17.8,33.6,53.1,200.7,1.1,30.8,107.8,3.5,0.9,64.3,308.4,4.8,7.8,6.3,1.3,15.3,6.5,54.9,0.9,1.3,2.3
2014,Florida International,12,23.0,14.3,26.9,52.9,168.0,1.3,40.7,125.2,3.1,0.9,67.6,293.2,4.3,6.8,8.3,1.2,16.3,7.0,56.1,1.0,0.8,1.8
2014,Northwestern,12,23.0,21.8,37.8,57.5,216.5,0.8,40.5,136.6,3.4,1.7,78.3,353.1,4.5,11.3,7.6,1.5,20.3,5.2,52.3,0.8,1.2,1.9
2014,Georgia State,12,22.7,22.0,37.2,59.2,279.0,1.9,32.4,97.8,3.0,1.1,69.6,376.8,5.4,11.5,7.0,1.8,20.3,5.3,43.4,1.0,1.5,2.5
2014,Akron,12,22.6,23.6,43.9,53.7,249.3,1.2,30.3,124.0,4.1,1.5,74.3,373.3,5.0,11.0,8.6,2.1,21.7,8.4,77.0,1.0,1.2,2.2
2014,South Alabama,13,22.5,16.8,31.7,52.9,197.0,1.3,41.3,179.0,4.3,1.2,73.0,376.0,5.2,9.5,9.9,1.5,20.9,6.2,55.2,0.8,1.3,2.2
2014,Miami (OH),12,22.3,18.8,39.0,48.3,277.8,1.9,29.8,102.6,3.4,0.9,68.8,380.3,5.5,12.3,6.2,2.0,20.5,7.9,61.6,0.8,0.8,1.7
2014,UNLV,13,21.9,20.6,38.3,53.8,257.8,1.2,35.8,129.2,3.6,1.4,74.2,387.0,5.2,11.4,7.0,2.2,20.5,6.2,55.1,0.3,1.7,2.0
2014,Troy,12,21.8,19.8,29.8,66.7,198.4,1.0,38.4,164.3,4.3,1.5,68.2,362.7,5.3,7.5,9.7,1.2,18.3,6.2,61.5,0.8,0.3,1.2
2014,Texas,13,21.4,18.7,32.2,58.1,199.9,1.1,36.5,137.4,3.8,1.4,68.6,337.3,4.9,8.8,7.7,1.3,17.8,5.9,51.1,1.1,0.8,1.9
2014,Wyoming,12,21.1,17.6,31.2,56.4,227.3,1.0,37.4,153.7,4.1,1.4,68.6,380.9,5.6,10.3,6.9,1.2,18.4,5.3,43.3,0.7,0.8,1.5
2014,Hawaii,13,20.9,17.6,35.9,49.0,214.6,1.2,40.5,149.8,3.7,1.2,76.5,364.4,4.8,9.2,8.5,1.8,19.5,6.2,50.0,1.0,1.1,2.1
2014,Michigan,12,20.9,15.8,27.2,58.0,170.2,0.8,35.4,162.8,4.6,1.4,62.6,333.0,5.3,8.7,8.4,1.4,18.5,3.5,31.8,0.7,1.5,2.2
2014,Penn State,13,20.6,21.2,38.2,55.5,233.4,1.0,34.7,101.9,2.9,1.0,72.9,335.3,4.6,10.5,6.5,2.2,19.2,5.8,46.2,0.8,1.2,2.0
2014,Ohio,12,20.5,16.8,31.3,53.9,206.2,0.9,39.2,164.1,4.2,1.3,70.4,370.3,5.3,8.6,8.8,2.0,19.4,6.0,54.0,1.2,0.8,1.9
2014,Louisiana-Monroe,12,20.1,26.4,44.1,59.9,279.9,1.3,30.3,69.5,2.3,0.8,74.3,349.4,4.7,12.3,4.8,1.3,18.4,4.4,35.4,0.8,0.6,1.4
2014,San Jose State,12,19.3,23.6,37.4,63.0,253.2,1.3,37.8,141.3,3.7,0.9,75.3,394.5,5.2,11.9,8.1,1.2,21.2,4.3,36.6,1.0,1.2,2.2
2014,Southern Mississippi,12,19.0,23.1,40.2,57.5,269.3,1.2,31.3,95.8,3.1,0.8,71.5,365.0,5.1,11.8,6.4,2.5,20.8,6.4,60.9,0.9,1.3,2.2
2014,Kansas,12,17.8,17.0,31.3,54.3,202.9,1.2,38.8,121.2,3.1,0.9,70.2,324.1,4.6,8.7,6.8,1.0,16.4,6.3,55.8,0.4,1.1,1.5
2014,South Florida,12,17.2,14.9,30.3,49.2,196.8,0.9,31.3,107.9,3.4,0.9,61.7,304.7,4.9,8.7,5.2,1.3,15.2,6.3,60.7,0.8,0.9,1.7
2014,Vanderbilt,12,17.2,15.0,29.8,50.4,179.1,1.1,31.9,109.3,3.4,0.6,61.7,288.3,4.7,7.8,6.5,1.8,16.1,6.1,52.5,0.8,1.6,2.4
2014,Syracuse,12,17.1,17.3,31.9,54.0,184.1,0.5,35.3,145.2,4.1,1.0,67.3,329.3,4.9,7.8,7.7,1.4,16.8,7.2,59.1,0.3,1.4,1.8
2014,UTSA,12,17.1,16.9,29.7,57.0,175.3,0.6,36.7,122.1,3.3,1.3,66.3,297.4,4.5,8.5,7.0,1.2,16.7,7.1,65.8,0.8,1.0,1.8
2014,Kent State,11,16.4,22.2,40.3,55.1,233.6,1.5,25.2,81.8,3.2,0.5,65.5,315.5,4.8,11.5,4.5,2.1,18.0,5.9,52.2,0.4,1.5,1.9
2014,Tulane,12,16.0,20.0,36.9,54.2,201.3,1.1,34.9,145.5,4.2,0.9,71.8,346.8,4.8,8.8,7.8,2.3,18.8,7.5,70.1,0.6,1.5,2.1
2014,Connecticut,12,15.5,15.4,28.5,54.1,169.3,1.0,32.9,108.5,3.3,0.7,61.4,277.8,4.5,7.3,5.8,1.8,28.6,6.2,60.6,1.3,1.0,2.3
2014,Eastern Michigan,12,15.2,13.9,26.7,52.2,151.8,1.1,38.3,137.8,3.6,0.8,64.9,289.6,4.5,6.6,8.2,1.0,15.8,5.8,49.8,1.6,0.9,2.5
2014,Wake Forest,12,14.8,18.8,32.1,58.4,176.3,1.0,31.9,39.9,1.3,0.3,64.0,216.3,3.4,8.5,4.3,1.6,14.3,5.0,47.8,0.6,1.2,1.8
2014,SMU,12,11.1,19.2,35.8,53.5,168.7,0.5,30.2,100.2,3.3,0.8,66.0,268.8,4.1,7.1,6.2,1.4,14.7,6.2,52.7,1.3,1.2,2.5
2015,Baylor,13,48.1,17.6,29.9,58.9,289.5,3.4,54.8,327.2,6.0,3.2,84.7,616.7,7.3,11.1,16.9,1.5,29.5,9.1,80.2,1.0,1.0,2.0
2015,Texas Tech,13,45.1,29.9,47.7,62.7,388.2,3.0,35.7,191.3,5.4,2.6,83.4,579.5,6.9,15.6,10.8,1.8,28.3,7.1,64.3,0.6,1.2,1.8
2015,Western Kentucky,14,44.3,28.4,39.6,71.8,372.2,3.6,33.1,154.6,4.7,2.1,72.6,526.9,7.3,15.0,8.6,1.4,24.9,5.9,57.8,0.6,0.6,1.2
2015,Oklahoma,13,43.5,22.5,33.8,66.5,308.2,2.9,44.2,222.1,5.0,2.5,77.9,530.2,6.8,13.8,11.0,2.3,27.2,6.2,61.5,0.7,0.7,1.4
2015,Oregon,13,43.0,18.2,28.8,62.9,258.3,2.5,47.5,280.1,5.9,2.6,76.4,538.4,7.0,10.5,13.3,1.8,25.7,6.9,61.0,0.5,0.8,1.3
2015,Bowling Green State,14,42.2,28.4,42.4,67.0,366.8,3.4,38.7,180.0,4.6,2.4,81.1,546.8,6.7,15.1,10.3,2.4,27.8,8.8,80.9,0.5,0.6,1.1
2015,TCU,13,42.1,25.0,39.7,63.0,347.4,3.0,43.2,215.5,5.0,2.0,82.9,562.8,6.8,14.6,11.2,1.8,27.5,7.2,70.9,0.3,1.2,1.5
2015,Ole Miss,13,40.8,24.5,37.6,65.0,334.7,2.7,35.6,183.1,5.1,2.2,73.2,517.8,7.1,14.0,10.1,2.2,26.2,6.1,54.0,0.7,1.1,1.8
2015,North Carolina,14,40.7,18.6,29.1,63.7,262.2,2.2,37.6,224.7,6.0,2.9,66.8,486.9,7.3,11.3,10.4,2.2,23.9,5.7,46.4,0.6,0.7,1.4
2015,Houston,14,40.4,20.3,30.9,65.7,248.3,1.6,47.8,236.3,4.9,3.3,78.6,484.6,6.2,10.6,11.2,1.9,23.7,6.1,56.7,0.5,0.5,1.0
2015,Memphis,13,40.2,23.9,35.8,66.9,307.5,2.3,43.3,179.5,4.1,2.2,79.1,486.9,6.2,12.0,8.5,1.6,24.8,7.6,75.1,0.7,0.4,1.1
2015,Arkansas State,13,40.0,15.9,28.1,56.7,207.2,1.8,46.8,232.1,5.0,2.7,74.8,439.2,5.9,8.8,10.9,1.8,22.3,8.4,80.3,0.8,1.2,2.0
2015,Southern Mississippi,14,39.9,24.1,37.9,63.7,329.7,2.9,35.9,179.8,5.0,2.2,73.8,509.5,6.9,13.4,7.4,2.3,23.1,6.9,66.5,0.9,0.9,1.8
2015,Oklahoma State,13,39.5,25.0,39.8,62.9,353.2,2.7,35.4,126.5,3.6,1.8,75.2,479.6,6.4,15.2,6.8,1.6,23.5,5.7,50.2,0.4,0.8,1.2
2015,Boise State,13,39.1,25.6,40.3,63.5,309.9,1.8,42.5,191.4,4.5,2.8,82.8,501.3,6.1,13.5,9.7,2.0,26.5,6.3,53.5,0.8,0.9,1.7
2015,Clemson,15,38.5,23.7,35.2,67.4,291.9,2.3,45.3,222.7,4.9,2.3,80.5,514.5,6.4,13.2,11.0,2.0,26.2,5.6,46.3,0.8,1.0,1.8
2015,California,13,37.9,27.1,42.3,64.0,375.9,3.4,33.8,152.8,4.5,1.2,76.1,528.8,7.0,15.5,8.8,2.0,26.2,5.2,43.7,0.7,1.1,1.8
2015,Stanford,14,37.8,15.2,22.7,67.0,211.8,2.1,43.6,223.6,5.1,2.4,66.3,435.4,6.6,9.2,11.1,1.9,22.2,5.6,46.3,0.4,0.6,0.9
2015,Louisiana Tech,13,37.5,22.7,36.7,61.8,322.6,2.2,33.2,159.8,4.8,2.1,69.9,482.5,6.9,13.4,8.4,2.0,23.8,5.5,51.0,0.8,0.8,1.6
2015,Arizona,13,37.4,21.0,35.8,58.7,272.0,2.1,40.4,222.8,5.5,2.4,76.2,494.8,6.5,11.3,10.6,2.5,24.5,5.7,48.7,0.8,0.8,1.5
2015,Tulsa,13,37.2,23.5,37.8,62.0,333.2,1.9,45.5,174.2,3.8,2.5,83.3,507.4,6.1,12.5,8.3,2.3,25.5,7.0,56.2,0.9,0.6,1.5
2015,Navy,13,36.8,4.9,9.4,52.5,98.5,0.7,57.5,326.7,5.7,4.1,66.9,425.2,6.4,3.1,16.7,1.2,20.9,3.1,26.1,0.5,0.2,0.6
2015,Appalachian State,13,36.7,13.6,22.6,60.2,194.1,2.5,46.8,272.2,5.8,1.9,69.4,466.3,6.7,8.4,12.1,1.8,22.3,6.5,56.9,1.0,0.7,1.7
2015,Georgia Southern,13,36.5,4.5,10.5,43.1,63.4,0.3,55.7,362.5,6.5,4.2,66.2,425.9,6.4,2.9,15.2,1.2,19.2,5.2,48.0,0.8,0.8,1.6
2015,Indiana,13,36.5,20.7,35.5,58.4,293.8,2.1,45.5,210.5,4.6,2.1,81.0,504.3,6.2,12.9,10.8,2.2,25.9,7.0,59.8,0.5,0.6,1.1
2015,Western Michigan,13,36.0,21.0,31.1,67.6,287.1,2.3,40.5,203.7,5.0,2.2,71.5,490.8,6.9,12.0,10.7,1.0,23.7,6.2,57.9,0.6,0.7,1.3
2015,Arkansas,13,35.9,18.9,28.8,65.8,268.2,2.4,39.3,198.3,5.0,2.4,68.1,466.5,6.9,12.8,9.9,0.7,23.4,4.2,36.7,0.2,0.6,0.8
2015,Ohio State,13,35.7,15.6,24.9,62.7,188.8,1.5,43.7,245.3,5.6,3.0,68.6,434.1,6.3,8.8,11.6,1.2,21.5,5.8,54.7,0.7,0.7,1.4
2015,Tennessee,13,35.2,16.9,28.5,59.3,198.6,1.3,47.5,223.7,4.7,2.5,76.0,422.3,5.6,10.0,11.5,1.0,22.5,5.1,40.8,0.5,0.4,0.8
2015,Alabama,15,35.1,20.1,29.7,67.5,227.1,1.5,42.8,199.9,4.7,2.2,72.5,427.1,5.9,9.8,10.5,1.7,22.0,5.9,55.7,0.5,0.7,1.1
2015,Toledo,12,35.0,19.3,34.3,56.2,253.0,2.0,40.9,208.4,5.1,2.1,75.2,461.4,6.1,11.5,9.2,1.7,22.3,8.0,68.2,0.3,0.8,1.2
2015,Arizona State,13,34.6,24.5,41.0,59.8,298.5,2.3,41.3,178.8,4.3,1.5,82.3,477.4,5.8,13.1,8.9,1.5,23.5,4.6,39.8,0.8,0.7,1.5
2015,Mississippi State,13,34.4,25.5,38.5,66.2,316.4,2.5,32.8,144.1,4.4,1.6,71.3,460.5,6.5,11.8,8.7,0.7,23.2,4.1,38.9,1.0,0.4,1.4
2015,Notre Dame,13,34.2,18.5,29.5,62.5,258.5,1.9,37.0,208.3,5.6,2.2,66.5,466.8,7.0,11.0,9.9,1.5,22.5,5.2,45.5,0.8,0.8,1.5
2015,Middle Tennessee State,13,34.0,25.6,38.5,66.6,310.8,2.4,38.8,151.5,3.9,1.8,77.2,462.3,6.0,12.3,9.7,1.3,23.3,4.8,42.7,1.5,0.8,2.2
2015,West Virginia,13,34.0,17.8,33.0,54.1,251.5,2.0,47.9,228.2,4.8,1.9,80.9,479.7,5.9,10.7,11.8,2.5,25.0,6.7,70.0,0.5,1.2,1.7
2015,USC,14,33.9,22.1,33.1,66.7,269.7,2.1,37.6,168.2,4.5,1.9,70.7,437.9,6.2,11.3,9.3,1.4,22.0,7.4,68.6,0.4,0.5,0.9
2015,Air Force,14,33.8,6.2,12.1,51.2,131.9,1.1,58.4,319.4,5.5,3.2,70.5,451.4,6.4,4.6,14.2,1.1,21.5,3.8,38.3,0.8,0.9,1.6
2015,Cincinnati,13,33.8,26.2,42.1,62.3,359.9,2.2,39.4,177.9,4.5,1.9,81.5,537.8,6.6,16.7,9.7,2.1,28.5,8.0,72.9,0.8,1.7,2.5
2015,Brigham Young,13,33.7,23.2,38.8,59.9,296.5,2.0,31.8,128.3,4.0,2.2,70.5,424.8,6.0,11.6,6.4,1.8,21.2,6.5,57.7,0.6,0.9,1.5
2015,South Florida,13,33.6,13.6,23.0,59.2,194.3,2.0,45.7,247.3,5.4,2.2,68.7,441.6,6.4,7.3,11.5,1.5,20.3,6.1,54.9,0.5,0.7,1.2
2015,North Carolina State,13,33.2,18.9,31.8,59.6,210.8,1.5,41.5,202.5,4.9,2.8,73.3,413.3,5.6,10.1,10.2,1.2,21.5,5.5,52.8,0.5,0.5,1.0
2015,LSU,12,32.8,12.4,23.2,53.6,180.4,1.1,42.1,256.8,6.1,2.9,65.3,437.3,6.7,6.8,10.8,1.6,20.5,8.0,64.5,0.3,0.5,0.8
2015,Nebraska,13,32.8,19.7,35.2,55.9,266.9,2.1,38.2,180.0,4.7,1.8,73.4,446.9,6.1,12.3,8.8,1.7,22.8,7.2,63.8,0.5,1.6,2.1
2015,UCLA,13,32.2,23.1,39.2,58.8,288.9,1.8,35.4,176.8,5.0,2.0,74.6,465.8,6.2,12.6,9.2,1.3,23.1,8.3,70.3,0.5,1.0,1.5
2015,San Diego State,14,32.1,10.1,17.9,56.2,142.0,1.2,48.3,233.3,4.8,2.3,66.2,375.3,5.7,6.1,10.7,1.8,18.6,6.4,58.1,0.6,0.2,0.9
2015,Florida State,13,31.7,20.3,32.2,63.0,255.8,1.7,32.7,168.2,5.1,2.1,64.9,424.0,6.5,10.8,8.2,1.5,20.6,6.8,54.0,0.5,0.7,1.2
2015,Duke,13,31.5,22.6,39.2,57.8,246.4,1.4,40.3,193.0,4.8,1.9,79.5,439.4,5.5,12.0,9.2,2.6,23.8,5.5,47.8,0.8,0.8,1.6
2015,Washington State,13,31.5,38.5,56.8,67.8,389.2,3.2,22.6,80.5,3.6,0.6,79.4,469.6,5.9,18.1,5.8,1.5,25.4,5.3,40.0,1.0,0.9,1.9
2015,Michigan,13,31.4,19.8,31.9,62.2,237.7,1.6,37.8,158.2,4.2,2.1,69.7,395.9,5.7,11.5,7.4,1.5,20.4,6.7,59.8,0.5,0.8,1.2
2015,Marshall,13,31.3,21.2,36.2,58.6,231.7,1.9,38.1,168.7,4.4,1.5,74.3,400.4,5.4,11.1,8.6,1.9,21.6,7.0,66.2,0.8,1.0,1.8
2015,Northern Illinois,14,31.1,17.1,28.9,59.4,208.4,1.6,45.9,190.1,4.1,2.2,74.8,398.6,5.3,8.9,10.4,1.0,20.3,5.8,52.0,1.2,0.7,1.9
2015,Virginia Tech,13,31.0,17.2,30.3,56.6,225.8,1.8,41.9,159.3,3.8,1.5,72.2,385.2,5.3,9.5,9.1,1.5,20.1,7.4,62.8,0.5,1.1,1.6
2015,Iowa,14,30.9,16.2,26.4,61.5,204.4,1.2,40.6,181.7,4.5,2.5,66.9,386.1,5.8,8.8,9.6,1.9,20.3,5.2,48.8,0.8,0.4,1.1
2015,Utah,13,30.6,17.2,27.1,63.6,179.8,1.2,43.9,183.2,4.2,1.8,71.0,363.0,5.1,7.8,10.5,1.9,20.2,5.5,53.3,0.8,0.8,1.6
2015,Washington,13,30.6,18.8,30.5,61.9,239.2,1.3,36.7,163.8,4.5,2.1,67.2,403.1,6.0,10.8,8.3,1.0,20.1,5.5,50.1,0.8,0.8,1.7
2015,Idaho,12,30.3,24.8,39.4,62.8,281.3,1.4,38.2,147.2,3.9,1.9,77.6,428.4,5.5,12.2,8.4,2.4,23.0,4.5,43.7,0.7,1.3,1.9
2015,Kansas State,13,29.9,12.5,26.5,47.0,176.0,1.1,40.8,157.0,3.9,2.2,67.3,333.0,4.9,7.6,8.9,1.9,18.5,5.1,38.5,0.5,1.0,1.5
2015,New Mexico,13,29.9,9.0,17.6,51.1,134.4,0.5,49.0,254.5,5.2,3.2,66.6,388.9,5.8,4.2,11.7,0.8,18.1,6.8,64.8,0.5,1.1,1.6
2015,Michigan State,14,29.8,17.4,31.4,55.5,234.2,1.9,39.4,151.4,3.8,1.7,70.8,385.6,5.4,11.6,8.3,1.5,21.4,5.4,42.9,0.4,0.6,1.0
2015,Temple,14,29.8,17.8,31.3,56.8,216.9,1.4,37.0,149.8,4.0,1.8,68.3,366.7,5.4,9.7,7.4,2.3,19.4,5.8,55.2,0.8,0.6,1.4
2015,Colorado State,13,29.6,17.8,30.1,59.3,228.0,1.8,41.2,197.8,4.8,1.5,71.2,425.8,6.0,10.8,10.6,1.8,23.2,7.5,71.3,0.9,1.2,2.1
2015,Georgia Tech,12,29.3,6.8,16.0,42.2,121.3,1.2,48.6,256.7,5.3,2.5,64.6,378.0,5.9,5.3,12.8,1.4,19.4,3.2,27.4,1.2,0.8,2.0
2015,Utah State,13,29.0,17.6,31.0,56.8,205.5,1.6,37.0,165.1,4.5,1.7,68.0,370.6,5.5,9.1,8.4,1.9,19.4,6.4,58.9,1.1,0.8,1.8
2015,Louisville,13,28.7,17.5,31.5,55.5,245.1,1.6,37.8,171.0,4.5,1.8,69.2,416.1,6.0,10.5,8.8,1.6,20.9,7.5,62.6,0.9,1.2,2.1
2015,New Mexico State,12,28.6,19.9,37.6,53.0,252.3,2.2,37.1,181.8,4.9,1.3,74.7,434.2,5.8,9.1,9.3,1.7,20.1,6.3,65.3,0.6,1.2,1.8
2015,UNLV,12,28.6,16.3,30.4,53.7,211.4,1.8,41.7,193.3,4.6,1.6,72.1,404.7,5.6,9.7,9.6,2.0,21.3,4.8,44.8,0.3,1.1,1.4
2015,Pitt,13,28.2,16.3,26.4,61.8,190.6,1.6,39.2,186.8,4.8,1.5,65.5,377.5,5.8,8.9,9.5,1.1,19.5,5.0,40.8,0.5,0.7,1.2
2015,San Jose State,13,27.9,20.3,30.1,67.5,221.7,1.6,40.8,182.9,4.5,1.8,70.9,404.6,5.7,10.1,9.5,1.2,21.8,4.4,35.7,0.4,0.9,1.3
2015,Troy,12,27.9,20.8,34.8,59.7,240.6,1.8,31.8,119.3,3.7,1.2,66.6,359.9,5.4,11.1,6.3,1.5,18.8,6.7,57.6,0.7,0.9,1.6
2015,Miami (FL),13,27.8,20.6,34.5,59.7,277.1,1.4,32.6,119.9,3.7,1.5,67.2,397.0,5.9,11.7,6.1,1.4,19.2,9.3,84.2,0.3,0.7,1.0
2015,SMU,12,27.8,16.8,30.5,55.2,218.0,1.6,41.9,164.8,3.9,1.9,72.4,382.8,5.3,9.1,9.1,2.3,20.5,5.3,50.2,1.4,0.7,2.1
2015,Texas A&M,13,27.8,21.0,37.1,56.6,258.5,1.9,38.8,169.1,4.4,0.9,75.9,427.5,5.6,11.1,9.5,2.0,22.5,6.4,54.8,0.7,1.2,1.8
2015,Auburn,13,27.5,13.8,23.5,58.5,173.5,0.8,45.2,196.4,4.3,2.2,68.7,369.9,5.4,7.5,11.5,0.8,19.8,4.8,46.4,0.4,0.9,1.3
2015,Ohio,13,27.5,18.5,31.2,59.5,232.8,1.3,42.0,180.9,4.3,1.6,73.2,413.7,5.7,10.2,9.5,2.2,21.8,7.0,72.2,0.3,1.0,1.3
2015,East Carolina,12,27.4,26.8,39.4,67.9,280.8,1.8,33.8,134.8,4.0,1.6,73.2,415.7,5.7,13.2,7.2,1.3,21.7,7.4,71.5,0.6,1.0,1.6
2015,Syracuse,12,27.3,13.8,25.6,53.7,156.9,1.6,37.0,163.2,4.4,1.3,62.6,320.1,5.1,6.6,8.3,2.3,17.1,5.3,48.1,0.8,0.8,1.5
2015,Rutgers,12,27.1,16.8,28.0,60.1,207.1,1.6,39.2,169.9,4.3,1.4,67.2,377.0,5.6,9.3,9.3,1.1,19.7,6.6,52.0,0.5,1.0,1.5
2015,Georgia State,13,26.9,23.7,38.2,62.1,335.9,2.2,31.3,96.9,3.1,1.2,69.5,432.8,6.2,13.0,5.4,1.7,20.1,7.1,65.4,0.8,0.9,1.8
2015,Texas State,12,26.9,20.8,35.9,57.8,229.3,1.3,39.2,189.0,4.8,1.8,75.1,418.3,5.6,10.3,9.5,1.5,21.3,6.1,55.9,0.8,1.0,1.8
2015,Wisconsin,13,26.8,19.4,32.2,60.1,228.3,1.1,39.4,150.3,3.8,2.1,71.6,378.6,5.3,12.1,7.3,1.8,21.2,5.8,53.0,0.4,1.0,1.4
2015,Buffalo,12,26.7,23.6,37.9,62.2,249.5,1.3,35.4,137.3,3.9,1.4,73.3,386.8,5.3,11.8,7.2,1.5,20.5,7.0,64.0,0.3,1.3,1.7
2015,Louisiana,12,26.4,18.8,32.3,58.4,208.5,1.1,37.5,171.9,4.6,2.1,69.8,380.4,5.5,9.0,9.7,1.9,20.6,7.1,71.1,0.7,1.0,1.7
2015,Texas,12,26.4,11.6,21.0,55.2,145.9,0.8,44.1,224.8,5.1,2.3,65.1,370.8,5.7,5.8,10.3,0.8,16.8,6.4,59.1,0.7,0.5,1.2
2015,Georgia,13,26.3,15.3,25.2,60.9,185.1,1.1,37.2,190.4,5.1,1.7,62.4,375.5,6.0,8.8,8.8,0.8,18.5,5.2,45.5,0.7,0.6,1.3
2015,Nevada,13,26.2,14.3,25.5,56.2,164.5,1.2,42.8,210.6,4.9,1.8,68.2,375.1,5.5,8.1,10.3,1.3,19.7,5.2,46.8,0.4,0.5,0.9
2015,Rice,12,26.1,17.7,31.1,56.8,224.3,1.7,44.3,178.1,4.0,1.8,75.4,402.3,5.3,10.8,10.3,1.8,22.8,7.0,62.7,1.1,0.8,1.8
2015,Central Michigan,13,25.8,25.1,38.1,65.9,300.8,1.9,32.3,100.1,3.1,1.2,70.4,400.8,5.7,13.5,6.2,1.4,21.1,6.2,53.7,0.4,0.8,1.2
2015,Virginia,12,25.8,21.0,34.4,61.0,238.3,1.8,35.3,144.8,4.1,1.1,69.8,383.0,5.5,11.6,6.9,1.8,20.3,7.6,63.8,0.5,1.5,2.0
2015,Florida International,12,25.5,22.9,36.7,62.5,237.8,1.8,32.1,109.9,3.4,1.3,68.8,347.8,5.1,10.0,7.1,1.8,18.9,5.8,49.5,0.6,0.7,1.3
2015,Eastern Michigan,12,25.4,20.6,33.9,60.7,219.3,1.5,35.3,161.6,4.6,1.7,69.2,380.8,5.5,10.3,8.5,1.3,20.2,6.8,58.4,0.9,1.2,2.1
2015,Purdue,12,25.1,24.2,42.0,57.5,237.3,1.5,34.8,131.3,3.8,1.8,76.8,368.6,4.8,10.6,7.1,2.1,19.8,5.4,53.9,0.8,1.3,2.2
2015,Iowa State,12,25.0,19.8,34.3,57.7,226.3,1.5,41.5,182.0,4.4,1.5,75.8,408.3,5.4,9.8,10.0,1.6,21.4,4.9,40.8,1.0,1.0,2.0
2015,South Alabama,12,25.0,15.3,29.3,52.3,199.5,1.3,40.1,160.8,4.0,1.5,69.4,360.3,5.2,8.1,8.4,1.6,18.1,6.8,57.8,0.8,1.3,2.1
2015,Kentucky,12,24.7,18.2,33.1,54.9,209.3,0.8,34.9,162.7,4.7,1.8,68.0,372.0,5.5,8.6,8.3,1.6,18.5,5.8,56.3,0.5,1.3,1.8
2015,Maryland,12,24.7,15.3,32.3,47.2,174.3,1.3,36.8,200.7,5.5,1.7,69.1,375.0,5.4,8.0,8.8,1.3,18.1,7.0,61.8,0.6,2.4,3.0
2015,Colorado,13,24.6,21.9,35.8,61.3,239.3,1.0,41.8,157.5,3.8,1.8,77.5,396.8,5.1,11.1,9.7,1.6,22.4,6.2,55.7,0.7,0.9,1.6
2015,Old Dominion,12,24.3,19.6,36.1,54.3,219.5,1.7,33.4,151.8,4.5,1.3,69.5,371.3,5.3,10.3,7.6,1.3,19.2,4.1,36.4,0.8,0.8,1.6
2015,Akron,13,23.9,14.2,28.5,49.7,192.9,1.4,41.2,165.2,4.0,1.5,69.7,358.2,5.1,8.9,8.8,2.0,19.7,7.6,65.7,0.5,0.9,1.4
2015,Florida,14,23.2,16.3,28.9,56.4,206.9,1.4,36.4,128.0,3.5,1.4,65.3,334.9,5.1,9.2,6.9,0.6,16.7,6.5,52.6,0.5,0.7,1.2
2015,Penn State,13,23.2,16.5,31.1,53.2,214.5,1.5,32.6,133.9,4.1,1.2,63.7,348.4,5.5,8.1,6.4,2.0,16.5,5.2,41.6,0.9,0.5,1.4
2015,Ball State,12,23.1,21.9,38.3,57.3,218.3,1.4,36.4,153.3,4.2,1.3,74.7,371.6,5.0,10.2,8.6,2.0,20.8,3.7,35.4,0.5,0.8,1.3
2015,Illinois,12,22.7,23.8,43.3,54.9,243.4,1.3,32.3,129.3,4.0,1.1,75.6,372.7,4.9,11.8,6.9,1.8,20.4,5.5,49.1,0.8,0.7,1.4
2015,UTSA,12,22.6,17.5,29.9,58.5,194.0,1.4,42.6,168.1,3.9,1.3,72.5,362.1,5.0,9.5,9.3,1.6,20.3,7.0,66.1,1.0,0.9,1.9
2015,Florida Atlantic,12,22.5,17.1,32.7,52.3,212.6,1.0,41.4,162.8,3.9,1.3,74.1,375.3,5.1,9.3,9.5,1.8,20.7,6.3,57.2,1.1,1.0,2.1
2015,Minnesota,13,22.5,19.3,32.8,58.8,214.8,1.2,34.3,144.1,4.2,1.3,67.2,358.9,5.3,10.2,6.2,1.2,17.6,5.6,45.5,0.8,0.8,1.7
2015,Fresno State,12,22.3,16.8,33.6,50.1,178.3,1.7,35.3,136.8,3.9,1.2,68.8,315.2,4.6,8.1,7.5,1.7,17.3,4.9,39.3,0.5,1.3,1.8
2015,Massachusetts,12,22.2,23.4,41.3,56.8,257.5,1.5,32.7,142.3,4.4,1.3,73.9,399.8,5.4,11.8,6.9,2.7,21.3,7.4,63.9,0.5,1.1,1.6
2015,Army,12,22.1,4.1,9.0,45.4,94.0,0.8,51.3,244.3,4.8,2.0,60.3,338.3,5.6,3.0,12.2,1.1,16.3,4.0,39.5,1.1,0.8,1.8
2015,South Carolina,12,21.9,15.9,29.3,54.4,207.5,1.4,35.3,154.7,4.4,0.9,64.5,362.2,5.6,8.9,8.1,1.0,18.0,5.0,39.0,0.3,1.0,1.3
2015,Louisiana-Monroe,13,21.0,19.7,36.7,53.7,207.9,1.9,32.7,102.9,3.1,0.5,69.4,310.8,4.5,9.8,5.0,1.8,16.6,7.3,58.0,0.8,1.5,2.3
2015,UTEP,12,20.7,17.8,32.0,55.5,195.1,1.5,37.3,147.9,4.0,0.7,69.3,343.0,4.9,8.7,7.3,1.6,17.6,4.8,42.9,1.1,0.8,1.9
2015,Tulane,12,19.7,17.1,33.6,50.9,201.3,1.5,33.1,115.8,3.5,0.9,66.7,317.0,4.8,9.3,5.7,1.3,16.3,5.8,53.4,0.4,0.8,1.3
2015,Northwestern,13,19.5,13.4,27.1,49.4,138.5,0.6,46.2,188.5,4.1,1.2,73.2,327.1,4.5,7.8,8.6,1.4,17.8,4.5,39.7,0.5,1.0,1.5
2015,Oregon State,12,19.0,13.4,28.6,46.9,159.1,0.8,37.2,177.3,4.8,1.3,65.8,336.4,5.1,7.4,8.3,1.8,17.6,6.3,58.7,0.4,0.9,1.3
2015,Wyoming,12,19.0,15.3,25.7,59.4,186.3,1.7,39.8,174.4,4.4,1.0,65.5,360.7,5.5,7.9,10.3,1.9,20.1,6.3,56.8,0.8,0.9,1.8
2015,Miami (OH),12,17.9,14.8,31.2,47.3,211.0,1.5,35.7,129.7,3.6,0.6,66.8,340.7,5.1,8.8,6.3,1.7,16.7,7.4,64.3,1.0,1.6,2.6
2015,Hawaii,13,17.6,15.5,32.5,47.9,192.4,0.9,32.6,123.9,3.8,1.2,65.1,316.3,4.9,8.7,5.9,1.9,16.5,8.2,69.0,1.0,1.6,2.6
2015,Charlotte,12,17.5,16.3,31.3,52.3,173.5,1.0,46.9,163.6,3.5,0.8,78.2,337.1,4.3,8.0,10.3,1.3,19.5,5.3,54.9,0.9,1.9,2.8
2015,Wake Forest,12,17.4,19.7,34.8,56.6,228.3,1.1,34.8,105.7,3.0,1.0,69.5,333.9,4.8,10.3,6.2,2.5,18.9,5.1,46.9,0.5,1.5,2.0
2015,Boston College,12,17.2,9.2,20.7,44.4,110.9,0.7,41.9,164.7,3.9,1.4,62.6,275.6,4.4,4.9,8.0,1.6,14.5,6.5,57.4,0.9,0.8,1.7
2015,Connecticut,13,17.2,15.5,26.3,58.8,185.5,0.8,36.7,124.8,3.4,1.1,63.0,310.3,4.9,8.1,6.9,1.5,16.5,5.7,45.8,0.5,0.8,1.2
2015,Kansas,12,15.3,20.3,37.7,53.8,218.6,0.9,37.0,112.9,3.1,0.8,74.7,331.5,4.4,9.3,5.5,0.9,17.7,5.8,55.3,0.8,1.2,2.0
2015,North Texas,12,15.2,15.8,33.9,46.7,161.4,1.0,36.3,158.7,4.4,0.6,70.3,320.1,4.6,6.9,10.4,1.3,18.7,6.2,56.7,1.2,0.9,2.1
2015,Vanderbilt,12,15.2,16.0,31.3,51.1,171.8,0.9,41.3,155.3,3.8,0.8,72.7,327.2,4.5,7.8,8.3,1.5,17.6,6.1,47.8,0.8,1.3,2.1
2015,UCF,12,13.9,17.6,35.4,49.6,187.5,1.1,29.6,80.9,2.7,0.3,65.0,268.4,4.1,9.2,4.9,1.7,15.8,5.3,45.8,0.8,1.9,2.8
2015,Missouri,12,13.6,15.5,31.1,49.9,165.5,0.8,33.1,115.4,3.5,0.4,64.2,280.9,4.4,7.1,6.3,1.7,15.1,5.3,43.1,0.4,1.0,1.4
2015,Kent State,12,13.1,14.6,28.6,51.0,138.1,0.8,37.3,135.3,3.6,0.5,65.8,273.3,4.2,5.9,8.6,1.3,14.1,7.8,72.7,0.9,0.8,1.8
2016,Western Kentucky,14,45.5,21.8,33.6,64.8,336.8,3.0,34.8,186.4,5.4,2.5,68.4,523.1,7.6,13.1,9.9,1.5,24.6,6.6,66.7,0.8,0.6,1.4
2016,Louisiana Tech,14,44.3,25.9,38.8,66.7,363.4,3.1,29.6,151.6,5.1,2.1,68.4,514.9,7.5,15.0,8.5,2.1,25.6,5.1,48.2,0.6,0.6,1.2
2016,Oklahoma,13,43.9,20.8,29.5,70.6,318.0,3.3,44.0,236.8,5.4,2.3,73.5,554.8,7.5,13.5,10.5,1.3,25.3,5.1,52.2,0.7,0.6,1.3
2016,South Florida,13,43.8,17.3,27.5,62.8,226.2,2.0,43.6,285.8,6.6,3.6,71.2,512.0,7.2,9.3,12.6,1.2,23.1,6.4,58.7,0.7,0.6,1.3
2016,Texas Tech,12,43.7,35.7,54.4,65.5,463.0,3.9,32.4,103.6,3.2,1.8,86.8,566.6,6.5,19.8,7.7,2.5,29.9,7.8,62.0,0.5,0.9,1.4
2016,Louisville,13,42.5,19.1,33.5,56.9,290.5,2.5,40.4,242.2,6.0,2.8,73.9,532.7,7.2,11.5,11.7,1.8,25.0,7.8,70.7,1.7,0.8,2.5
2016,Tulsa,13,42.5,20.5,34.5,59.5,265.3,2.5,51.2,262.4,5.1,2.5,85.8,527.7,6.2,12.7,14.0,2.0,28.7,6.0,52.6,0.7,0.9,1.6
2016,Washington,14,41.8,18.1,29.1,62.3,258.8,3.4,37.8,198.1,5.2,1.7,66.9,456.9,6.8,11.0,10.1,1.4,22.6,5.2,44.9,0.4,0.6,1.1
2016,Western Michigan,14,41.6,18.8,27.0,69.6,252.4,2.4,45.3,228.9,5.1,2.6,72.3,481.2,6.7,10.6,13.4,1.2,25.2,4.9,46.2,0.3,0.3,0.6
2016,Pitt,13,40.9,14.5,24.9,58.3,221.7,2.2,41.7,225.1,5.4,2.8,66.6,446.8,6.7,8.8,9.8,1.8,20.5,5.7,49.8,0.7,0.7,1.4
2016,Michigan,13,40.3,17.5,28.5,61.6,212.0,1.5,43.9,213.3,4.9,3.2,72.4,425.3,5.9,9.2,11.0,1.5,21.8,4.8,45.6,0.4,0.5,0.9
2016,Middle Tennessee State,13,39.7,26.8,42.8,62.8,325.8,3.0,32.0,192.2,6.0,2.0,74.8,518.1,6.9,14.1,8.8,2.0,24.8,6.0,56.2,0.5,1.2,1.6
2016,Ohio State,13,39.4,19.6,31.5,62.3,213.9,2.0,44.8,245.2,5.5,2.5,76.3,459.2,6.0,8.9,13.5,1.5,24.0,6.3,50.6,0.4,0.5,0.9
2016,Clemson,15,39.2,28.1,41.9,67.1,333.9,3.0,39.3,170.3,4.3,2.0,81.3,504.3,6.2,15.7,8.9,2.3,26.9,6.3,57.7,0.7,1.1,1.9
2016,Alabama,15,38.8,17.7,27.8,63.5,210.3,1.7,42.6,245.0,5.8,2.2,70.4,455.3,6.5,8.1,12.1,0.8,21.0,5.7,44.0,0.7,0.6,1.3
2016,Memphis,13,38.8,23.3,36.7,63.5,304.4,2.6,37.3,160.0,4.3,1.8,74.0,464.4,6.3,13.4,7.8,2.1,23.3,6.3,59.3,0.8,0.8,1.6
2016,Oklahoma State,13,38.6,22.7,35.8,63.4,323.9,2.2,37.8,171.0,4.5,2.5,73.5,494.9,6.7,13.4,8.9,1.4,23.7,5.3,49.5,0.8,0.3,1.1
2016,Washington State,13,38.2,35.9,51.1,70.3,362.5,3.1,27.7,121.2,4.4,1.8,78.8,483.7,6.1,17.3,6.5,2.4,26.2,7.9,68.9,0.4,0.9,1.3
2016,Toledo,13,38.0,22.4,32.5,68.8,322.8,3.5,39.4,195.0,5.0,1.3,71.9,517.8,7.2,12.9,9.4,1.9,24.2,7.0,61.2,0.4,0.7,1.1
2016,Navy,14,37.9,6.6,11.3,58.9,128.1,0.6,52.8,311.1,5.9,4.4,64.1,439.2,6.9,4.6,15.1,1.1,20.9,2.8,24.4,0.6,0.5,1.1
2016,Penn State,14,37.6,16.1,27.9,57.8,260.7,2.1,38.3,174.9,4.6,2.4,66.2,435.6,6.6,9.6,8.7,2.1,20.4,4.8,44.1,0.9,0.6,1.4
2016,California,12,37.1,31.9,51.8,61.7,358.8,3.1,34.5,154.3,4.5,1.3,86.3,513.2,5.9,16.4,8.6,2.9,27.9,7.4,75.8,0.3,1.0,1.3
2016,New Mexico,13,36.7,7.4,13.8,53.6,106.8,0.8,52.9,350.0,6.6,3.6,66.7,456.8,6.9,4.6,15.4,0.8,20.8,6.3,56.7,0.6,0.5,1.1
2016,Tennessee,13,36.4,18.3,29.2,62.8,238.5,2.2,39.8,205.2,5.2,2.4,68.9,443.7,6.4,10.5,9.7,1.4,21.5,6.2,56.5,1.1,0.9,2.0
2016,Wyoming,14,35.9,15.0,27.0,55.6,229.1,2.1,44.6,207.0,4.6,2.2,71.6,436.1,6.1,10.1,10.4,1.7,22.2,4.7,43.9,0.6,1.1,1.7
2016,Houston,13,35.8,27.1,40.2,67.3,296.3,1.8,43.2,147.1,3.4,2.2,83.4,443.4,5.3,13.7,9.3,1.2,24.2,4.5,42.6,0.8,1.2,1.9
2016,Oregon,12,35.4,21.4,33.3,64.4,265.3,2.3,41.1,226.4,5.5,2.4,74.3,491.7,6.6,11.2,10.2,2.0,23.3,8.3,75.8,0.8,0.5,1.3
2016,Colorado State,13,35.3,16.7,27.7,60.3,244.5,2.2,41.5,218.0,5.2,2.3,69.2,462.5,6.7,10.0,11.1,1.4,22.5,6.0,53.8,0.6,0.5,1.2
2016,Air Force,13,35.2,5.2,11.5,45.3,134.8,1.1,63.2,318.2,5.0,3.0,74.8,452.9,6.1,4.3,17.7,1.2,23.2,5.2,51.2,0.7,0.6,1.3
2016,San Diego State,14,35.2,11.1,18.3,60.5,144.5,1.4,45.4,262.9,5.8,2.4,63.6,407.4,6.4,6.7,11.8,1.4,19.9,7.0,60.2,0.6,0.4,1.1
2016,Florida State,13,35.1,18.8,32.4,58.0,264.1,1.8,39.8,202.3,5.1,2.5,72.2,466.4,6.5,11.0,11.5,2.2,24.7,7.7,72.9,0.9,0.6,1.5
2016,Old Dominion,13,35.1,16.9,28.8,58.8,234.0,2.4,38.5,196.8,5.1,2.1,67.2,430.8,6.4,10.2,8.7,2.2,21.0,5.1,44.0,0.3,0.5,0.8
2016,Virginia Tech,14,35.0,19.9,32.1,62.1,261.9,2.2,45.4,183.9,4.1,1.9,77.4,445.7,5.8,12.3,9.6,1.7,23.6,5.1,47.6,1.3,0.6,1.9
2016,Texas A&M,13,34.8,19.6,36.1,54.4,255.2,1.9,37.2,211.8,5.7,2.2,73.3,467.0,6.4,10.9,9.5,1.2,21.6,6.2,52.7,0.9,0.7,1.6
2016,Baylor,13,34.6,20.7,36.9,56.0,280.9,2.5,48.3,241.8,5.0,1.9,85.2,522.7,6.1,10.8,13.4,1.1,25.3,9.9,82.2,0.9,1.2,2.1
2016,USC,13,34.4,23.4,35.6,65.7,276.4,2.5,38.6,201.1,5.2,1.4,74.2,477.5,6.4,12.6,10.4,1.8,24.8,7.6,67.2,0.7,0.8,1.5
2016,Miami (FL),13,34.3,20.2,32.8,61.7,274.2,2.1,33.5,151.8,4.5,1.8,66.2,425.9,6.4,11.4,7.3,1.4,20.1,7.3,67.4,0.2,0.5,0.8
2016,Boise State,13,33.8,19.5,31.2,62.3,298.3,2.2,37.9,174.5,4.6,2.2,69.2,472.8,6.8,12.8,8.8,1.4,23.1,4.3,37.8,0.8,0.6,1.4
2016,Troy,13,33.7,24.2,37.8,64.0,260.5,1.9,37.3,169.2,4.5,2.2,75.2,429.6,5.7,11.8,9.2,2.1,23.1,6.8,61.8,0.6,1.0,1.6
2016,Arizona State,12,33.3,21.4,35.4,60.5,259.3,1.3,39.5,131.8,3.3,2.3,74.9,391.1,5.2,11.2,7.3,1.8,20.3,5.5,52.0,0.6,1.2,1.8
2016,Southern Mississippi,13,32.8,21.9,36.8,59.6,298.2,2.0,41.5,177.7,4.3,2.0,78.3,475.9,6.1,12.1,9.3,2.2,23.6,7.5,64.5,1.2,1.2,2.5
2016,Ole Miss,12,32.6,24.1,40.3,59.8,314.9,2.3,35.2,149.4,4.2,1.4,75.4,464.3,6.2,14.8,8.3,1.8,24.8,4.9,43.3,0.4,1.2,1.6
2016,Temple,14,32.4,16.6,28.8,57.6,237.4,1.6,40.1,176.4,4.4,2.2,68.9,413.8,6.0,9.7,9.9,1.6,21.3,5.4,43.1,0.4,0.9,1.4
2016,North Carolina,13,32.3,24.1,35.3,68.2,293.2,2.3,30.8,145.8,4.7,1.6,66.2,439.0,6.6,12.9,7.4,1.5,21.8,7.6,61.3,0.8,0.5,1.2
2016,Kansas State,13,32.2,13.6,23.8,57.3,157.0,0.8,43.8,232.2,5.3,3.0,67.6,389.2,5.8,7.3,12.2,1.9,21.4,6.8,56.6,0.5,0.4,0.9
2016,Texas,12,31.9,20.1,33.5,60.0,252.0,1.8,49.6,240.2,4.8,2.3,83.1,492.2,5.9,10.2,13.1,1.8,25.2,7.1,64.1,0.9,1.0,1.9
2016,UNLV,12,31.6,11.5,24.5,46.9,162.9,1.3,43.4,241.5,5.6,2.3,67.9,404.4,6.0,7.1,11.7,0.9,19.7,5.6,51.2,0.3,0.8,1.1
2016,Missouri,12,31.4,20.8,37.3,55.6,295.4,2.1,41.7,205.1,4.9,2.0,79.0,500.5,6.3,10.8,12.0,1.5,24.3,6.7,58.0,1.1,0.8,1.9
2016,Auburn,13,31.2,13.7,22.1,62.0,169.5,0.9,49.6,271.3,5.5,2.5,71.7,440.8,6.1,7.5,13.2,1.2,21.9,4.7,36.5,0.6,0.5,1.1
2016,West Virginia,13,31.2,19.2,31.5,60.9,257.2,2.0,44.2,228.4,5.2,1.8,75.6,485.5,6.4,11.7,10.4,2.1,24.2,6.5,63.3,0.8,0.8,1.6
2016,Colorado,14,31.1,20.6,33.5,61.6,254.5,1.5,45.0,183.9,4.1,2.1,78.5,438.4,5.6,10.6,10.6,2.1,23.4,5.4,47.2,0.6,0.8,1.4
2016,TCU,13,31.0,22.7,38.7,58.6,268.2,1.4,37.5,195.0,5.2,2.3,76.2,463.2,6.1,11.5,9.6,1.6,22.8,6.8,61.3,0.5,1.1,1.5
2016,Notre Dame,12,30.9,18.7,32.3,57.7,254.3,2.3,36.5,163.3,4.5,1.5,68.8,417.6,6.1,11.0,8.9,1.3,21.2,6.5,53.2,0.8,0.8,1.5
2016,Idaho,13,30.8,20.4,33.2,61.3,249.2,1.5,37.5,147.8,3.9,1.8,70.8,397.0,5.6,12.2,7.5,1.9,21.6,5.6,55.8,0.5,0.8,1.3
2016,Northern Illinois,12,30.5,19.3,33.3,58.0,224.0,1.7,45.8,239.8,5.2,2.3,79.1,463.8,5.9,10.1,11.6,2.1,23.5,7.0,70.0,0.3,1.1,1.4
2016,Mississippi State,13,30.4,17.7,31.6,56.0,209.7,1.8,40.6,231.2,5.7,1.8,72.2,440.8,6.1,9.5,10.9,1.6,22.0,5.2,47.5,0.5,0.8,1.2
2016,Arkansas,13,30.3,19.0,31.2,60.8,264.2,2.0,39.7,164.4,4.1,1.6,70.9,428.5,6.0,11.5,8.9,1.7,22.3,6.2,51.9,0.8,1.2,1.9
2016,Kentucky,13,30.0,13.1,24.0,54.5,186.1,1.3,43.1,234.2,5.4,2.3,67.1,420.2,6.3,7.4,11.2,1.5,20.0,5.1,46.5,1.2,0.9,2.2
2016,Army,13,29.9,4.2,9.5,43.9,74.4,0.5,60.5,339.6,5.6,3.5,70.0,414.0,5.9,2.9,17.8,1.1,21.8,4.8,42.2,1.1,0.8,1.9
2016,Utah,13,29.8,16.3,30.7,53.1,216.7,1.2,43.8,214.0,4.9,1.9,74.5,430.7,5.8,9.1,11.1,1.8,21.9,6.9,60.4,1.3,0.6,1.9
2016,Eastern Michigan,13,29.6,23.8,39.9,59.5,296.1,1.9,36.9,159.1,4.3,1.6,76.8,455.2,5.9,12.8,8.8,1.6,23.3,5.8,57.0,0.5,1.3,1.8
2016,Brigham Young,13,29.5,18.8,31.5,59.8,197.9,1.2,41.8,201.2,4.8,2.2,73.3,399.2,5.4,10.0,10.8,2.2,23.0,6.4,60.2,0.5,0.9,1.4
2016,Minnesota,13,29.3,13.9,25.2,55.2,173.6,0.7,42.9,183.6,4.3,2.6,68.2,357.2,5.2,8.2,9.7,1.3,19.2,6.8,57.2,0.4,0.9,1.3
2016,Appalachian State,13,29.2,15.6,25.7,60.8,179.0,1.2,43.5,256.9,5.9,2.2,69.2,435.9,6.3,8.8,12.0,1.6,22.4,6.1,58.0,0.4,0.6,1.0
2016,UTSA,13,29.2,16.6,29.5,56.4,213.6,2.0,40.2,161.9,4.0,1.7,69.7,375.5,5.4,9.5,8.8,1.3,19.6,7.1,59.8,0.5,0.6,1.2
2016,UCF,13,28.8,18.8,34.5,54.5,209.7,1.1,40.5,141.2,3.5,1.9,75.0,350.8,4.7,8.7,8.2,2.2,19.2,7.0,56.1,1.2,0.7,1.9
2016,Wisconsin,14,28.4,14.4,23.1,62.5,179.1,1.0,47.0,203.1,4.3,2.2,70.1,382.1,5.5,9.3,10.1,0.9,20.3,3.4,32.5,0.4,0.7,1.1
2016,Hawaii,14,28.3,18.4,31.3,58.7,227.5,1.8,34.1,163.8,4.8,1.8,65.4,391.3,6.0,9.8,7.6,1.4,18.8,8.3,71.6,0.7,1.1,1.8
2016,LSU,12,28.3,14.5,24.8,58.4,190.1,1.0,38.2,233.1,6.1,2.5,63.0,423.2,6.7,8.3,10.0,1.3,19.6,4.8,41.0,0.8,0.6,1.4
2016,Georgia Tech,13,28.2,6.4,12.2,52.2,129.2,0.7,47.0,258.1,5.5,2.6,59.2,387.2,6.5,4.4,12.3,1.1,17.8,4.4,38.5,0.8,0.3,1.2
2016,Iowa State,12,27.7,19.6,33.2,59.0,258.8,1.8,38.2,162.8,4.3,1.5,71.3,421.6,5.9,11.1,8.6,1.4,21.1,6.3,56.8,0.7,0.7,1.3
2016,SMU,12,27.7,20.7,38.0,54.4,264.0,1.8,39.8,163.3,4.1,1.2,77.8,427.3,5.5,12.1,7.7,2.1,21.8,5.8,52.0,0.6,1.4,2.0
2016,Akron,12,27.4,18.1,33.0,54.8,255.3,2.1,31.7,132.2,4.2,1.1,64.7,387.4,6.0,10.5,6.9,2.1,19.5,7.6,67.3,0.7,1.2,1.8
2016,Arkansas State,13,27.3,17.8,30.9,57.5,242.2,1.6,39.8,137.2,3.5,1.5,70.7,379.4,5.4,10.3,8.3,1.2,19.8,8.2,64.2,0.6,0.7,1.3
2016,Ball State,12,27.0,21.9,36.3,60.3,229.2,1.2,43.3,220.0,5.1,2.1,79.6,449.2,5.6,11.6,11.8,1.2,24.5,4.0,35.5,0.8,1.3,2.0
2016,East Carolina,12,27.0,29.9,46.2,64.8,334.7,2.2,33.7,132.4,3.9,1.1,79.8,467.1,5.9,14.8,7.7,1.5,23.9,5.0,43.4,1.0,1.0,2.0
2016,North Carolina State,13,27.0,20.2,33.7,60.0,260.5,1.5,38.8,156.2,4.0,1.8,72.5,416.7,5.8,11.8,8.5,1.5,21.8,6.0,62.3,0.6,0.9,1.5
2016,Georgia Southern,12,26.6,12.3,22.0,55.7,155.7,1.1,50.2,224.8,4.5,2.0,72.2,380.4,5.3,7.3,11.6,1.8,20.7,7.6,64.8,0.8,0.8,1.5
2016,Nebraska,13,26.5,15.5,30.8,50.3,211.7,1.4,40.2,169.2,4.2,1.8,70.9,380.9,5.4,10.2,8.6,1.7,20.5,5.8,53.5,0.4,0.7,1.1
2016,Florida Atlantic,12,26.4,17.9,30.5,58.7,210.1,0.8,39.2,188.5,4.8,2.6,69.7,398.6,5.7,9.1,10.3,1.2,20.6,5.3,48.1,0.6,1.1,1.7
2016,Marshall,12,26.4,22.0,36.5,60.3,241.8,2.3,33.0,108.2,3.3,1.0,69.5,350.0,5.0,10.4,7.1,2.6,20.1,7.5,76.8,0.3,1.0,1.3
2016,Central Michigan,13,26.3,21.5,36.2,59.4,276.1,1.8,31.3,115.9,3.7,1.4,67.5,392.0,5.8,11.8,6.6,1.5,19.8,4.8,49.9,0.6,1.2,1.8
2016,Ohio,14,26.3,17.9,32.7,54.6,224.4,1.6,38.9,168.0,4.3,1.2,71.6,392.4,5.5,9.4,9.1,2.4,20.9,5.6,55.1,0.9,0.9,1.8
2016,Stanford,13,26.3,13.8,23.5,58.7,158.2,1.2,40.2,208.9,5.2,1.5,63.6,367.1,5.8,7.5,9.4,1.2,18.1,6.5,54.4,0.7,0.7,1.4
2016,UTEP,12,26.3,16.3,27.3,59.6,183.7,1.8,34.1,185.5,5.4,1.7,61.3,369.2,6.0,8.6,8.0,1.7,18.3,5.7,47.3,0.7,0.7,1.3
2016,Oregon State,12,26.2,16.1,29.4,54.7,173.8,1.1,36.7,192.2,5.2,2.0,66.1,366.0,5.5,7.5,9.1,1.6,18.2,8.0,71.8,0.7,0.9,1.6
2016,Northwestern,13,26.0,21.7,37.2,58.4,245.1,1.7,38.5,153.2,4.0,1.7,75.7,398.2,5.3,12.0,8.0,1.6,21.6,3.6,29.9,0.5,0.7,1.2
2016,Indiana,13,25.8,20.2,35.1,57.7,273.8,1.6,41.1,152.2,3.7,1.4,76.2,426.0,5.6,11.7,8.1,1.7,21.5,6.1,52.8,0.8,1.4,2.2
2016,Maryland,13,25.8,15.1,26.3,57.3,178.2,1.2,41.0,199.5,4.9,2.0,67.3,377.8,5.6,7.8,9.5,0.8,18.2,6.8,60.7,0.8,0.7,1.5
2016,Syracuse,12,25.7,27.7,43.5,63.6,321.3,2.0,37.3,119.7,3.2,1.3,80.8,440.9,5.5,13.6,6.6,2.2,22.3,8.0,60.8,0.6,1.1,1.7
2016,Nevada,12,25.4,17.5,29.5,59.3,208.2,1.4,39.5,174.0,4.4,1.7,69.0,382.2,5.5,9.2,11.1,1.6,21.8,4.3,40.2,0.2,0.8,0.9
2016,South Alabama,13,25.4,17.9,31.9,56.1,243.8,1.2,36.1,145.6,4.0,1.9,68.0,389.4,5.7,10.6,7.7,1.0,19.3,7.6,65.5,0.6,1.1,1.7
2016,Rice,12,25.3,20.1,34.3,58.5,215.2,1.3,40.2,169.9,4.2,1.9,74.5,385.1,5.2,9.3,10.3,2.1,21.7,5.8,47.2,0.7,0.8,1.5
2016,Charlotte,12,25.2,17.8,34.4,51.8,192.8,1.4,40.3,176.8,4.4,1.5,74.8,369.5,4.9,8.5,8.8,2.4,19.8,7.3,68.2,0.8,0.5,1.3
2016,Iowa,13,24.9,13.5,23.8,56.5,153.2,1.3,38.6,171.8,4.5,1.8,62.5,325.0,5.2,6.5,9.0,1.2,16.7,5.0,41.3,0.2,0.8,0.9
2016,UCLA,12,24.9,22.8,41.2,55.3,295.6,1.8,28.8,84.3,2.9,1.1,69.9,379.8,5.4,12.7,4.9,2.2,19.8,6.6,59.7,0.8,1.3,2.1
2016,Arizona,12,24.8,13.1,25.5,51.3,178.1,1.1,42.4,235.0,5.5,2.2,67.9,413.1,6.1,7.1,10.8,2.7,20.5,6.3,64.0,0.8,1.0,1.8
2016,Bowling Green State,12,24.8,20.3,37.4,54.1,226.1,1.6,41.8,181.0,4.3,1.5,79.3,407.1,5.1,11.5,9.7,2.3,23.3,5.8,58.0,0.7,2.1,2.8
2016,New Mexico State,12,24.8,21.1,38.4,54.9,244.9,1.8,37.7,169.3,4.5,1.0,76.1,414.3,5.4,10.0,9.9,2.3,22.2,6.3,55.5,0.6,1.3,1.8
2016,North Texas,13,24.8,20.1,34.5,58.1,208.3,1.2,32.8,133.5,4.1,1.8,67.3,341.8,5.1,9.3,7.2,1.9,18.5,7.5,68.5,0.6,1.0,1.6
2016,Purdue,12,24.6,26.0,46.4,56.0,294.9,2.1,30.0,96.3,3.2,1.0,76.4,391.3,5.1,12.7,6.5,2.0,21.2,4.3,37.3,0.7,2.1,2.8
2016,Georgia,13,24.5,16.3,29.7,54.9,193.5,1.2,40.8,191.5,4.7,1.4,70.5,384.9,5.5,9.0,9.7,1.4,20.1,5.7,43.0,0.8,0.7,1.5
2016,San Jose State,12,24.4,17.8,30.8,57.8,222.1,1.5,39.8,155.1,3.9,1.3,70.7,377.2,5.3,10.3,9.1,1.7,21.0,4.3,36.6,0.4,1.3,1.7
2016,Michigan State,12,24.1,17.6,30.8,57.0,222.3,1.6,39.3,172.7,4.4,1.2,70.1,395.0,5.6,10.4,9.1,1.0,20.5,6.4,60.3,0.6,0.9,1.5
2016,Tulane,12,24.1,9.1,21.5,42.2,113.3,0.8,49.2,228.3,4.6,2.1,70.7,341.6,4.8,4.9,10.9,1.5,17.3,6.4,55.1,0.8,0.7,1.5
2016,Florida International,12,24.0,19.8,33.9,58.5,226.7,1.6,35.3,148.6,4.2,1.3,69.2,375.3,5.4,10.8,7.6,1.5,19.8,5.3,48.7,0.5,1.4,1.9
2016,Florida,13,23.9,18.5,31.5,58.8,215.8,1.4,34.8,128.2,3.7,0.8,66.3,344.0,5.2,9.6,7.3,1.2,18.1,6.8,58.3,0.5,1.2,1.7
2016,Utah State,12,23.9,18.4,31.9,57.7,206.2,0.8,34.1,170.8,5.0,2.1,66.0,377.0,5.7,8.8,7.7,2.5,18.9,7.2,59.1,0.5,0.8,1.3
2016,Louisiana,13,23.6,15.7,26.4,59.5,178.2,0.9,44.9,179.4,4.0,1.6,71.3,357.6,5.0,7.6,10.3,1.7,19.6,7.2,58.2,0.3,1.0,1.3
2016,Duke,12,23.3,23.1,36.9,62.5,239.8,1.5,39.5,153.6,3.9,1.6,76.4,393.3,5.1,11.9,7.9,1.7,21.5,5.2,40.4,1.2,0.8,1.9
2016,Louisiana-Monroe,12,23.3,16.5,30.3,54.4,192.0,1.3,42.7,181.3,4.3,1.8,73.0,373.3,5.1,9.1,10.2,1.3,20.6,4.2,42.3,0.7,1.3,2.0
2016,Massachusetts,12,23.3,21.1,36.3,58.0,256.7,2.3,30.3,99.5,3.3,0.8,66.7,356.2,5.3,11.5,6.3,1.4,19.2,7.8,65.3,0.8,1.3,2.1
2016,Vanderbilt,13,23.0,16.2,30.3,53.3,191.2,0.7,38.2,164.5,4.3,2.0,68.5,355.7,5.2,9.9,8.1,1.5,19.5,5.2,44.2,0.3,0.8,1.2
2016,Miami (OH),13,22.8,16.3,27.5,59.2,230.6,2.1,37.0,136.8,3.7,0.7,64.5,367.4,5.7,9.9,8.0,1.6,19.5,6.8,55.8,1.0,0.5,1.5
2016,Virginia,12,22.5,22.2,40.6,54.6,239.3,1.9,32.0,113.6,3.5,1.1,72.6,352.9,4.9,11.0,7.2,1.7,19.8,6.3,57.9,0.8,1.3,2.2
2016,South Carolina,13,20.8,19.1,30.9,61.7,213.2,0.9,36.5,134.4,3.7,1.5,67.5,347.5,5.2,9.8,7.2,1.6,18.5,5.0,46.6,1.0,0.5,1.5
2016,Kent State,12,20.6,12.3,24.3,50.3,141.7,0.9,39.4,167.5,4.2,1.3,63.8,309.2,4.8,6.1,7.8,1.0,14.8,5.3,44.9,0.4,0.7,1.1
2016,Boston College,13,20.4,11.5,22.8,50.7,143.8,1.1,43.5,149.1,3.4,1.2,66.3,292.8,4.4,6.7,6.8,1.1,14.5,6.9,57.4,0.9,0.6,1.5
2016,Wake Forest,13,20.4,14.6,27.2,53.8,165.7,0.7,41.0,145.8,3.6,1.3,68.2,311.5,4.6,7.2,8.5,1.5,17.3,4.7,38.5,0.5,1.0,1.5
2016,Kansas,12,20.3,23.2,38.8,59.8,240.4,1.3,33.8,119.1,3.5,0.9,72.5,359.5,5.0,8.8,7.4,1.5,17.8,5.9,54.5,1.2,1.8,3.0
2016,Georgia State,12,19.9,19.3,34.9,55.1,246.3,1.4,28.0,87.7,3.1,0.8,62.9,333.9,5.3,10.0,5.3,1.5,16.8,6.1,48.4,0.7,1.3,1.9
2016,Illinois,12,19.7,15.3,29.8,51.1,174.6,1.1,29.4,140.5,4.8,1.2,59.3,315.1,5.3,7.6,6.1,1.3,15.0,6.3,53.3,0.9,0.8,1.7
2016,Cincinnati,12,19.3,21.6,37.8,57.2,255.9,1.6,33.0,118.3,3.6,0.7,70.8,374.3,5.3,11.9,6.3,1.1,19.3,4.6,45.3,0.7,1.3,1.9
2016,Texas State,12,18.6,21.4,34.6,61.9,219.9,1.2,35.5,82.4,2.3,1.1,70.1,302.3,4.3,10.8,5.5,1.5,17.7,6.8,57.3,0.7,1.4,2.1
2016,Fresno State,12,17.7,17.5,33.8,51.9,213.1,1.1,36.7,116.2,3.2,0.9,70.4,329.3,4.7,8.5,6.9,1.8,17.2,6.3,55.8,0.4,1.1,1.5
2016,Buffalo,12,16.5,17.7,33.1,53.4,200.5,0.9,35.5,153.3,4.3,1.0,68.6,353.8,5.2,9.3,8.0,1.0,18.3,5.3,43.1,0.7,0.9,1.6
2016,Rutgers,12,15.7,13.3,27.7,47.9,138.3,0.9,40.7,145.3,3.6,0.7,68.3,283.5,4.1,6.8,8.0,0.8,15.5,5.3,43.0,1.0,0.6,1.6
2016,Connecticut,12,14.8,17.8,31.7,56.1,202.7,0.7,34.8,117.3,3.4,0.9,66.5,320.0,4.8,9.8,6.1,1.3,17.1,3.6,28.3,0.7,0.9,1.6
2017,UCF,13,48.2,22.1,32.6,67.7,331.8,2.9,38.5,199.2,5.2,3.0,71.1,530.9,7.5,13.1,9.2,2.8,25.2,8.4,68.1,0.5,0.7,1.2
2017,Memphis,13,45.5,23.6,37.5,62.9,335.0,3.0,34.8,197.1,5.7,2.5,72.4,532.1,7.4,14.5,8.2,2.5,25.2,8.5,77.4,0.5,0.8,1.2
2017,Oklahoma,14,45.1,22.1,30.9,71.4,361.8,3.4,39.0,217.8,5.6,2.4,69.9,579.6,8.3,14.4,10.2,1.4,25.8,5.9,57.8,0.5,0.4,0.9
2017,Oklahoma State,13,45.0,25.0,38.7,64.6,389.2,2.8,38.5,182.2,4.7,2.6,77.2,571.3,7.4,16.4,9.1,2.2,27.6,5.1,45.5,0.8,0.8,1.6
2017,Arizona,13,41.3,14.1,22.7,62.0,180.2,1.5,46.9,309.7,6.6,3.7,69.6,489.9,7.0,7.5,13.1,3.1,23.5,5.3,55.0,0.7,1.0,1.7
2017,Ohio State,14,41.1,20.5,31.4,65.2,262.8,2.8,42.0,243.4,5.8,2.4,73.4,506.2,6.9,10.7,12.4,2.1,25.3,6.9,67.4,0.6,0.7,1.4
2017,Penn State,13,41.1,23.2,35.2,65.7,290.2,2.5,34.7,170.2,4.9,2.8,69.9,460.3,6.6,13.2,7.6,1.9,22.8,4.2,37.7,0.2,0.8,1.0
2017,Florida Atlantic,14,40.6,16.7,25.8,64.8,213.1,1.5,47.5,285.1,6.0,3.7,73.3,498.2,6.8,7.9,14.9,1.4,24.3,5.9,52.4,0.4,0.5,0.9
2017,Ohio,13,39.1,13.7,24.7,55.5,188.5,1.5,42.5,244.1,5.7,3.4,67.2,432.6,6.4,8.0,11.4,2.8,22.2,5.1,45.4,0.9,0.7,1.6
2017,South Florida,12,38.3,16.3,30.6,53.4,248.9,2.1,52.8,264.1,5.0,2.5,83.4,513.0,6.1,10.0,13.8,1.9,25.8,9.3,86.0,0.7,0.5,1.2
2017,Louisville,13,38.1,21.3,35.7,59.7,299.8,2.2,38.1,245.1,6.4,2.5,73.8,544.9,7.4,12.9,12.1,2.1,27.1,6.3,51.1,0.8,0.8,1.6
2017,Arkansas State,12,37.8,26.4,42.6,62.0,342.2,3.2,38.5,152.8,4.0,1.4,81.1,494.9,6.1,15.9,8.8,2.3,26.8,7.8,69.0,0.7,1.4,2.1
2017,SMU,13,37.8,21.8,37.5,58.1,294.1,2.7,37.4,184.4,4.9,2.0,74.8,478.5,6.4,12.4,9.5,2.3,24.0,6.4,59.2,0.5,1.0,1.5
2017,Missouri,13,37.5,19.0,33.1,57.4,308.6,3.4,37.2,194.5,5.2,1.2,70.3,503.2,7.2,11.5,10.2,1.6,23.4,7.4,59.5,0.8,1.1,1.9
2017,Alabama,14,37.1,14.6,23.8,61.3,193.4,2.0,43.7,250.6,5.7,2.6,67.5,444.1,6.6,8.6,12.4,1.4,22.2,4.9,40.6,0.5,0.2,0.7
2017,Toledo,14,36.4,19.1,30.2,63.1,279.9,2.0,39.7,205.2,5.2,2.3,69.9,485.1,6.9,11.9,9.5,1.6,23.0,7.6,67.9,0.7,0.6,1.4
2017,Washington,13,36.2,18.5,26.8,69.0,222.2,1.5,36.4,183.2,5.0,2.8,63.2,405.5,6.4,10.3,8.9,1.6,20.8,4.2,34.2,0.5,0.4,0.8
2017,Oregon,13,36.0,15.6,23.9,65.3,189.9,1.4,48.3,251.0,5.2,3.1,72.2,440.9,6.1,7.4,12.5,2.1,21.9,9.3,87.5,1.0,0.9,1.9
2017,North Texas,14,35.5,23.4,37.1,63.1,291.9,2.3,36.8,164.2,4.5,2.0,73.9,456.1,6.2,13.1,9.5,1.7,24.3,4.9,43.8,0.9,1.1,1.9
2017,Georgia,15,35.4,12.4,20.3,61.0,176.9,1.6,44.9,258.4,5.8,2.8,65.2,435.3,6.7,7.5,11.9,1.4,20.7,6.3,55.7,0.5,0.6,1.1
2017,Wake Forest,13,35.3,20.6,32.8,62.9,276.8,2.5,41.2,189.1,4.6,1.7,73.9,465.9,6.3,11.8,9.6,1.3,22.8,5.3,41.8,0.5,0.5,1.0
2017,West Virginia,13,34.5,22.6,37.0,61.1,309.3,2.8,35.5,150.2,4.2,1.4,72.5,459.5,6.3,12.2,8.7,2.3,23.2,6.1,59.7,0.9,1.1,2.0
2017,Texas Tech,13,34.3,27.2,41.6,65.2,333.7,2.7,35.3,140.9,4.0,1.5,76.9,474.6,6.2,14.5,8.2,1.9,24.5,8.0,76.6,0.5,0.9,1.4
2017,Notre Dame,13,34.2,14.0,27.1,51.7,178.9,1.5,43.0,269.5,6.3,2.7,70.1,448.4,6.4,8.0,11.2,1.9,21.1,5.8,48.7,0.5,0.8,1.3
2017,Auburn,14,33.9,18.2,27.3,66.8,233.4,1.5,45.9,218.3,4.8,2.4,73.1,451.6,6.2,9.0,11.5,1.8,22.3,4.5,38.6,1.0,0.4,1.4
2017,Louisiana-Monroe,12,33.9,20.5,33.7,60.9,288.8,1.8,38.3,170.0,4.4,2.3,71.9,458.8,6.4,11.9,8.3,1.3,21.6,5.3,43.4,0.8,0.8,1.5
2017,Western Michigan,12,33.9,14.3,24.5,58.5,164.8,1.6,46.8,224.8,4.8,2.2,71.3,389.6,5.5,7.8,11.8,1.3,20.8,5.7,53.4,0.8,0.7,1.5
2017,Wisconsin,14,33.8,14.6,23.2,62.8,192.1,1.8,44.7,223.2,5.0,2.0,67.9,415.3,6.1,9.1,10.6,1.4,21.1,5.4,50.2,0.6,1.1,1.7
2017,TCU,14,33.6,20.4,30.7,66.3,245.1,2.0,38.1,174.1,4.6,1.9,68.8,419.2,6.1,10.2,9.5,1.6,21.3,6.4,53.6,0.6,0.6,1.2
2017,Appalachian State,13,33.5,16.5,27.4,60.4,216.2,2.2,40.8,223.6,5.5,2.1,68.2,439.8,6.5,8.8,10.5,1.6,20.9,7.0,63.9,0.6,0.5,1.1
2017,Colorado State,13,33.4,21.8,35.3,61.9,292.6,2.2,39.8,200.6,5.0,2.0,75.2,493.2,6.6,13.4,10.3,1.8,25.5,6.2,57.0,0.5,0.8,1.2
2017,Clemson,14,33.3,22.1,33.5,65.9,235.5,1.2,41.2,195.0,4.7,2.9,74.7,430.5,5.8,11.0,9.6,1.4,22.1,4.9,43.4,0.5,0.6,1.1
2017,Ole Miss,12,32.8,23.4,36.2,64.7,328.4,2.3,30.8,134.1,4.4,1.6,66.9,462.5,6.9,12.6,7.2,1.5,21.3,7.6,62.4,0.4,1.1,1.5
2017,Texas A&M,13,32.7,19.5,34.5,56.3,251.2,1.7,38.9,155.6,4.0,2.0,73.5,406.8,5.5,10.7,7.4,1.9,20.0,5.2,45.2,0.5,0.9,1.5
2017,USC,14,32.6,22.1,35.1,62.9,299.0,1.9,38.5,186.2,4.8,2.1,73.6,485.2,6.6,13.7,9.6,1.0,24.3,7.6,69.6,1.0,0.9,1.9
2017,Boise State,14,32.5,20.1,32.1,62.6,262.6,1.9,37.9,143.8,3.8,1.8,69.9,406.4,5.8,11.7,7.8,1.6,21.1,5.9,50.0,0.4,0.5,0.9
2017,UCLA,13,32.5,26.0,41.2,63.1,344.5,2.4,30.2,114.0,3.8,1.5,71.5,458.5,6.4,14.1,7.6,1.8,23.5,8.2,75.2,0.9,0.8,1.7
2017,Stanford,14,32.4,14.9,25.9,57.3,186.3,1.6,34.2,202.6,5.9,2.2,60.1,388.9,6.5,7.9,7.9,1.9,17.6,5.8,47.3,0.3,0.6,0.9
2017,Kansas State,13,32.3,12.0,20.8,57.8,173.8,1.2,39.9,198.8,5.0,2.2,60.7,372.5,6.1,6.8,9.3,1.1,17.2,5.2,45.8,0.4,0.6,1.0
2017,North Carolina State,13,32.2,24.2,37.2,65.1,275.1,1.3,38.1,177.1,4.7,2.7,75.3,452.2,6.0,12.5,9.2,1.7,23.3,6.0,55.5,0.5,0.5,1.0
2017,Mississippi State,13,32.0,14.7,27.2,54.1,166.9,1.3,48.8,251.7,5.2,2.3,75.9,418.6,5.5,7.6,14.0,1.4,23.0,6.2,54.6,0.6,1.1,1.7
2017,Arizona State,13,31.8,20.3,32.0,63.5,255.7,1.6,43.4,175.8,4.1,2.1,75.4,431.5,5.7,10.1,10.2,1.5,21.8,3.8,37.5,0.5,0.7,1.2
2017,Troy,13,31.5,22.5,35.4,63.7,269.6,1.5,31.5,148.8,4.7,2.3,66.8,418.5,6.3,11.6,6.8,1.8,20.3,7.0,57.1,0.9,0.5,1.5
2017,Air Force,12,31.4,5.8,11.9,48.3,110.1,0.8,63.6,306.3,4.8,3.2,75.5,416.3,5.5,4.3,18.3,1.6,24.2,4.0,38.8,1.2,0.5,1.7
2017,San Diego State,13,30.8,11.5,19.4,59.5,147.7,1.0,44.2,252.9,5.7,2.5,63.5,400.6,6.3,7.1,10.8,1.8,19.6,6.5,59.9,0.7,0.3,1.0
2017,Army,13,30.7,1.5,5.0,30.8,27.8,0.2,60.4,362.3,6.0,3.8,65.4,390.1,6.0,1.2,18.5,1.0,20.8,4.2,36.3,0.4,0.5,0.8
2017,Massachusetts,12,30.6,22.7,37.3,60.9,297.5,2.2,34.8,135.5,3.9,1.6,72.1,433.0,6.0,12.8,6.8,2.0,21.7,6.6,56.6,0.9,0.5,1.4
2017,Louisiana Tech,13,30.5,17.9,32.3,55.5,230.5,1.3,38.1,172.5,4.5,1.7,70.4,403.0,5.7,10.4,9.3,1.8,21.6,4.7,40.5,0.8,0.4,1.2
2017,Navy,13,30.5,3.2,7.8,41.6,77.3,0.8,63.2,351.4,5.6,3.2,71.0,428.7,6.0,2.2,17.8,1.1,21.2,4.1,40.6,0.7,0.8,1.5
2017,Washington State,13,30.3,37.5,54.8,68.3,366.8,2.8,23.3,67.5,2.9,0.6,78.2,434.3,5.6,16.7,4.8,1.7,23.2,5.6,51.2,0.8,1.5,2.4
2017,Utah State,13,30.2,19.5,33.5,58.4,226.0,1.3,37.3,171.4,4.6,1.8,70.8,397.4,5.6,10.1,7.8,1.2,19.1,6.2,56.0,0.8,1.0,1.8
2017,Texas,13,29.5,22.9,38.2,60.0,258.8,1.4,38.9,140.0,3.6,1.8,77.2,398.8,5.2,11.0,8.2,1.5,20.5,7.1,66.8,0.5,0.8,1.4
2017,Utah,13,29.5,20.1,32.8,61.1,249.4,1.4,40.5,164.0,4.1,1.7,73.3,413.4,5.6,10.5,10.3,2.3,23.1,6.8,61.0,0.9,1.1,2.0
2017,New Mexico State,13,29.3,30.5,49.2,62.0,340.2,2.2,27.2,110.1,4.1,1.4,76.4,450.2,5.9,14.7,6.3,1.3,22.3,6.8,54.9,0.5,1.7,2.2
2017,Tulsa,12,29.3,13.0,24.3,53.4,173.1,0.5,49.3,247.3,5.0,3.0,73.7,420.3,5.7,6.4,12.8,2.5,21.7,7.0,60.0,0.4,0.7,1.1
2017,Iowa State,13,29.2,23.1,36.7,62.9,272.9,2.1,32.8,113.1,3.4,1.2,69.5,386.0,5.6,12.3,5.9,2.8,21.1,4.4,39.7,0.1,0.7,0.8
2017,Northwestern,13,29.2,21.2,35.4,60.0,233.8,1.3,41.3,174.2,4.2,2.3,76.7,408.0,5.3,11.5,9.6,1.7,22.8,4.9,49.0,0.5,0.9,1.4
2017,Southern Mississippi,13,29.2,18.9,33.8,56.0,240.1,1.8,38.3,184.5,4.8,1.5,72.1,424.6,5.9,10.2,9.0,1.8,21.2,7.6,67.1,0.9,0.5,1.5
2017,Miami (FL),13,29.1,17.5,32.8,53.3,242.5,2.0,31.8,160.8,5.1,1.5,64.5,403.4,6.3,9.8,8.2,1.3,19.3,5.2,49.3,0.3,1.1,1.4
2017,Northern Illinois,13,28.9,17.8,31.2,57.0,199.9,1.9,42.5,179.8,4.2,1.4,73.6,379.8,5.2,8.8,9.7,1.8,20.3,6.2,55.5,1.0,0.8,1.8
2017,Arkansas,12,28.8,16.0,28.3,56.5,205.4,1.5,38.5,168.0,4.4,2.0,66.8,373.4,5.6,9.0,9.2,1.7,19.8,4.8,42.1,0.8,0.8,1.5
2017,UNLV,12,28.8,13.5,24.9,54.2,186.9,0.8,44.0,240.2,5.5,2.4,68.9,427.1,6.2,8.1,11.8,1.3,21.2,4.7,39.9,0.5,0.8,1.3
2017,Buffalo,12,28.5,19.5,33.3,58.5,290.8,2.0,35.7,141.1,4.0,1.5,69.0,431.9,6.3,12.1,6.6,2.3,20.9,5.6,49.8,0.6,0.5,1.1
2017,Central Michigan,13,28.5,20.2,36.1,56.1,255.7,2.1,34.6,135.0,3.9,1.5,70.7,390.7,5.5,9.8,6.2,2.2,18.3,6.4,61.8,1.1,1.3,2.4
2017,Houston,12,28.3,23.4,34.3,68.4,261.3,1.3,37.2,166.8,4.5,2.1,71.4,428.2,6.0,11.6,8.1,1.3,21.0,6.0,53.8,0.9,1.0,1.9
2017,Iowa,13,28.2,15.3,27.3,56.1,189.8,2.1,37.0,139.2,3.8,1.3,64.3,329.1,5.1,8.2,7.9,1.3,17.4,5.1,41.1,1.0,0.5,1.5
2017,Louisiana,12,28.2,17.8,31.3,56.9,214.8,1.3,37.7,183.7,4.9,2.3,69.0,398.5,5.8,10.1,9.6,0.8,20.6,4.8,40.6,0.3,1.0,1.3
2017,Nevada,12,28.2,22.5,37.6,59.9,270.4,2.5,30.2,127.2,4.2,1.0,67.8,397.6,5.9,10.5,7.0,2.3,19.8,4.9,45.9,0.5,1.3,1.8
2017,Virginia Tech,13,28.2,18.8,31.5,59.8,239.5,1.6,44.8,173.4,3.9,1.5,76.4,412.8,5.4,10.9,9.7,1.5,22.2,4.6,42.2,0.4,0.7,1.1
2017,Georgia Tech,11,28.1,3.9,10.7,36.4,84.3,0.9,57.5,307.4,5.3,2.7,68.2,391.6,5.7,2.9,15.3,1.3,19.5,4.0,35.8,0.9,0.5,1.4
2017,California,12,27.8,23.2,39.7,58.4,258.9,1.6,34.7,125.6,3.6,1.4,74.3,384.5,5.2,11.6,8.2,2.5,22.1,6.5,54.8,0.7,1.0,1.7
2017,Florida State,13,27.8,15.5,26.5,58.6,196.2,1.6,35.6,155.7,4.4,1.3,62.2,351.9,5.7,8.5,8.5,1.1,18.0,6.0,53.8,0.6,1.0,1.6
2017,UAB,13,27.8,15.9,26.3,60.5,180.5,1.2,40.7,183.2,4.5,2.1,67.0,363.8,5.4,7.8,9.8,1.7,19.3,5.8,52.5,0.8,0.4,1.2
2017,Tulane,12,27.5,11.3,20.1,56.4,160.0,1.0,47.9,231.5,4.8,2.6,68.0,391.5,5.8,6.5,12.8,1.6,20.8,5.8,52.1,0.4,0.5,0.9
2017,Syracuse,12,27.4,26.7,45.7,58.4,294.8,1.7,39.9,161.5,4.0,1.3,85.6,456.3,5.3,13.1,9.0,2.3,24.4,6.2,49.4,0.7,1.3,2.0
2017,LSU,13,27.2,13.8,23.1,59.7,203.5,1.3,43.3,207.6,4.8,1.9,66.4,411.1,6.2,8.4,10.5,1.2,20.1,5.8,50.6,0.3,0.3,0.6
2017,Fresno State,14,27.1,19.1,31.2,61.3,237.9,1.4,36.6,156.0,4.3,1.6,67.8,393.9,5.8,9.4,8.8,1.1,19.3,5.3,43.6,0.4,0.5,0.9
2017,Indiana,12,26.8,25.5,41.8,61.0,265.7,2.1,37.4,130.1,3.5,0.9,79.3,395.8,5.0,12.0,6.7,2.3,21.0,5.9,58.9,0.6,1.1,1.7
2017,Marshall,13,26.7,20.5,34.1,60.0,239.6,1.9,34.8,140.5,4.0,1.1,68.9,380.2,5.5,10.9,7.2,2.2,20.4,6.5,59.8,0.7,1.1,1.8
2017,Duke,13,26.5,20.5,36.1,56.7,213.4,1.2,42.1,171.4,4.1,1.7,78.2,384.8,4.9,10.5,10.8,1.7,23.0,4.8,41.6,0.5,0.9,1.5
2017,Colorado,12,26.4,20.3,34.2,59.5,260.4,1.6,41.2,158.5,3.9,1.4,75.3,418.9,5.6,10.7,10.3,1.6,22.6,6.3,55.7,0.4,0.8,1.2
2017,Eastern Michigan,12,26.1,21.4,36.3,59.1,257.3,1.8,34.9,130.5,3.7,1.2,71.2,387.8,5.4,11.7,7.0,1.6,20.3,6.2,57.5,0.6,1.3,1.8
2017,North Carolina,12,26.0,18.4,33.9,54.3,225.3,1.8,35.6,144.3,4.1,1.4,69.5,369.6,5.3,10.8,7.4,1.5,19.7,7.8,72.7,0.5,1.3,1.8
2017,Nebraska,12,25.8,22.1,38.3,57.7,277.5,1.8,30.7,107.5,3.5,1.1,68.9,385.0,5.6,12.1,6.1,1.4,19.6,6.3,60.7,0.2,1.4,1.6
2017,Boston College,13,25.7,15.2,28.2,54.0,166.3,1.2,47.5,220.4,4.6,1.8,75.8,386.7,5.1,7.8,10.1,1.1,18.9,3.6,29.8,0.6,0.9,1.5
2017,Florida International,13,25.6,19.4,30.5,63.6,233.2,1.5,38.0,159.2,4.2,1.5,68.5,392.3,5.7,11.6,7.6,1.5,20.7,6.5,64.9,0.8,0.8,1.6
2017,Kentucky,13,25.5,15.1,25.4,59.4,188.2,0.8,37.5,161.7,4.3,2.1,62.9,349.8,5.6,8.6,8.1,1.9,18.6,5.5,48.2,0.6,0.5,1.2
2017,Middle Tennessee State,13,25.5,21.7,36.4,59.6,251.1,1.8,32.8,143.5,4.4,1.2,69.2,394.5,5.7,11.3,8.0,2.2,21.2,6.5,63.4,0.5,1.3,1.8
2017,Western Kentucky,13,25.5,29.3,44.4,66.0,335.0,2.1,30.1,60.8,2.0,1.2,74.5,395.8,5.3,14.8,5.9,1.8,22.6,5.7,48.7,1.0,0.8,1.8
2017,Bowling Green State,12,25.3,18.8,34.8,54.2,235.0,1.8,35.8,155.0,4.3,1.1,70.6,390.0,5.5,9.8,7.8,1.8,19.3,7.4,68.9,1.1,1.0,2.1
2017,Michigan,13,25.2,14.2,26.6,53.5,171.2,0.7,40.7,177.7,4.4,2.0,67.3,348.9,5.2,7.4,8.8,1.2,17.5,6.6,57.2,0.8,0.8,1.6
2017,Purdue,13,25.2,22.5,37.8,59.5,251.5,2.1,34.4,151.5,4.4,0.9,72.2,403.1,5.6,11.1,8.8,1.8,21.7,5.9,50.6,0.5,0.8,1.3
2017,Temple,13,25.1,20.2,34.8,57.8,251.8,1.6,35.5,136.4,3.8,1.2,70.3,388.2,5.5,11.7,6.8,1.8,20.3,7.8,69.4,0.5,1.2,1.7
2017,East Carolina,12,24.9,25.6,45.3,56.5,317.9,2.2,32.8,108.1,3.3,0.8,78.1,426.0,5.5,14.3,6.0,2.9,23.3,6.7,58.3,0.4,1.3,1.8
2017,Vanderbilt,12,24.6,19.3,33.6,57.6,243.6,2.3,29.0,107.6,3.7,1.2,62.6,351.2,5.6,11.5,5.6,1.3,18.4,5.8,50.1,0.3,0.8,1.2
2017,Michigan State,13,24.5,19.0,32.6,58.3,215.2,1.5,41.8,168.4,4.0,1.4,74.5,383.6,5.2,10.7,9.0,1.9,21.6,6.5,59.1,0.9,0.6,1.5
2017,Miami (OH),12,24.4,17.8,32.3,54.9,237.7,2.0,36.5,147.3,4.0,1.0,68.8,384.9,5.6,11.3,7.3,2.1,20.7,7.3,63.1,0.6,0.9,1.5
2017,Baylor,12,24.3,22.4,38.5,58.2,287.7,1.9,34.5,117.3,3.4,0.8,73.0,404.9,5.5,11.4,6.7,1.8,19.9,7.3,55.9,0.9,1.2,2.1
2017,South Carolina,13,24.2,18.8,30.5,61.7,214.9,1.4,31.1,123.0,4.0,1.2,61.6,337.9,5.5,9.6,7.1,1.1,17.8,4.8,38.0,0.4,0.9,1.3
2017,Maryland,12,24.1,14.6,26.5,55.0,161.7,1.3,36.3,161.7,4.4,1.6,62.8,323.3,5.1,6.8,7.7,2.3,16.8,6.9,64.5,0.5,0.7,1.2
2017,Pitt,12,23.9,18.7,30.2,61.9,217.7,1.0,38.3,148.5,3.9,1.8,68.5,366.2,5.3,9.7,9.2,1.1,19.7,3.8,38.2,0.7,0.7,1.3
2017,Coastal Carolina,12,23.7,13.2,25.3,52.0,189.1,1.5,37.2,156.3,4.2,1.3,62.5,345.3,5.5,7.9,9.0,1.5,18.3,7.0,62.8,0.6,0.9,1.5
2017,Connecticut,12,23.6,21.3,35.1,60.8,269.2,1.5,40.3,146.3,3.6,1.4,75.4,415.5,5.5,10.8,7.9,2.6,21.3,5.3,48.8,0.7,0.9,1.6
2017,UTSA,11,23.5,17.4,28.1,61.8,202.8,1.4,40.5,184.5,4.6,0.9,68.5,387.4,5.7,10.4,8.9,1.8,21.1,7.2,58.3,1.0,0.6,1.6
2017,Wyoming,13,23.5,15.0,26.8,56.0,177.2,1.4,34.3,108.8,3.2,1.0,61.1,286.0,4.7,8.1,5.8,1.3,15.2,4.2,40.2,0.5,0.6,1.1
2017,Hawaii,12,22.8,21.7,35.3,61.5,234.5,1.6,35.0,168.2,4.8,1.3,70.3,402.7,5.7,10.0,8.4,1.4,19.8,7.8,68.8,0.5,0.7,1.2
2017,Virginia,13,22.5,23.1,39.9,57.8,248.7,1.9,29.9,93.5,3.1,0.8,69.8,342.2,4.9,10.8,6.0,1.7,18.5,4.8,44.8,0.6,0.8,1.5
2017,Akron,14,22.1,17.3,31.9,54.1,210.6,1.7,32.8,105.7,3.2,1.0,64.7,316.4,4.9,9.8,6.4,2.2,18.4,6.3,62.4,0.4,0.8,1.2
2017,Florida,11,22.1,15.8,28.4,55.8,179.5,0.9,36.4,156.4,4.3,1.4,64.7,335.9,5.2,8.4,7.5,0.9,16.8,7.9,58.7,0.9,0.9,1.8
2017,Minnesota,12,22.1,9.2,19.4,47.2,126.1,0.8,43.8,182.4,4.2,1.7,63.2,308.5,4.9,5.1,10.0,1.3,16.4,3.3,28.3,0.6,0.9,1.5
2017,Cincinnati,12,20.9,20.4,36.2,56.5,216.4,1.7,30.9,135.3,4.4,0.9,67.1,351.8,5.2,10.0,7.7,2.0,19.7,7.8,73.0,0.6,0.8,1.3
2017,Idaho,12,20.9,19.2,31.5,60.8,224.9,1.8,37.2,124.6,3.4,0.8,68.7,349.5,5.1,9.3,6.8,1.4,17.6,5.3,47.3,0.8,0.6,1.3
2017,Georgia Southern,12,20.8,8.8,16.3,53.8,110.0,0.7,53.7,222.3,4.1,1.6,69.9,332.3,4.8,4.1,12.3,1.3,17.6,6.4,54.4,1.1,0.6,1.7
2017,New Mexico,12,20.7,10.0,20.2,49.6,124.1,0.7,45.1,235.6,5.2,1.8,65.3,359.7,5.5,4.9,10.8,1.8,17.6,6.1,51.1,1.3,1.2,2.4
2017,Old Dominion,12,20.7,16.1,29.1,55.3,168.4,0.8,38.4,163.9,4.3,1.4,67.5,332.3,4.9,8.2,7.3,1.7,17.1,4.0,35.8,0.5,1.2,1.7
2017,Oregon State,12,20.7,17.8,30.2,59.1,196.3,0.9,34.3,137.5,4.0,1.5,64.4,333.8,5.2,8.8,7.9,2.3,19.0,7.0,68.0,1.3,1.0,2.3
2017,Georgia State,12,20.3,22.1,34.4,64.2,270.7,1.3,36.3,117.8,3.2,1.0,70.8,388.5,5.5,11.3,7.2,1.4,19.9,5.2,47.4,1.0,0.8,1.8
2017,South Alabama,12,19.8,18.5,34.3,54.0,237.1,1.3,31.3,97.3,3.1,0.8,65.5,334.3,5.1,10.9,5.8,1.1,17.8,6.1,56.6,0.3,1.2,1.5
2017,Tennessee,12,19.8,15.0,26.6,56.4,173.7,0.9,34.3,117.9,3.4,1.2,60.9,291.6,4.8,7.9,6.4,2.1,16.4,5.6,41.4,0.7,0.8,1.5
2017,Kansas,12,18.7,20.8,38.3,54.1,226.4,1.2,32.6,102.6,3.1,0.9,70.9,329.0,4.6,9.4,5.5,1.3,16.2,5.5,46.1,0.8,1.4,2.2
2017,Rutgers,12,18.0,11.3,22.9,49.1,115.6,0.6,36.4,148.6,4.1,1.6,59.3,264.2,4.5,4.9,7.3,1.6,13.8,5.9,50.1,0.8,0.9,1.7
2017,Ball State,12,17.9,19.0,33.8,56.3,177.2,0.9,41.2,158.7,3.9,1.3,74.9,335.8,4.5,8.9,8.7,1.2,18.8,4.1,39.9,0.6,1.2,1.8
2017,Texas State,12,17.3,17.9,31.2,57.5,205.7,1.3,40.0,134.1,3.4,0.9,71.2,339.8,4.8,8.8,8.2,2.3,19.3,4.4,38.2,1.2,0.8,2.0
2017,Brigham Young,13,17.1,17.5,32.2,54.5,194.6,1.0,30.9,130.7,4.2,0.9,63.1,325.3,5.2,8.9,6.7,0.9,16.5,4.5,39.2,0.6,1.5,2.1
2017,Rice,12,16.3,10.2,20.5,49.6,144.8,0.5,40.5,187.0,4.6,1.7,61.0,331.8,5.4,6.3,10.0,0.8,17.2,4.4,38.3,1.1,1.3,2.4
2017,San Jose State,13,15.8,17.4,31.9,54.5,198.0,1.2,37.2,120.1,3.2,0.5,69.1,318.1,4.6,8.5,7.2,1.5,17.2,6.5,53.4,1.7,1.5,3.2
2017,Illinois,12,15.4,14.0,28.3,49.6,174.8,0.7,32.2,105.6,3.3,0.9,60.4,280.4,4.6,6.9,6.0,1.6,14.5,7.1,64.0,0.6,1.6,2.2
2017,Charlotte,12,14.2,12.2,26.0,46.8,136.9,0.8,35.7,166.3,4.7,1.1,61.7,303.2,4.9,5.8,7.1,1.0,13.9,6.5,65.0,0.3,1.3,1.7
2017,Kent State,12,12.8,9.5,19.5,48.7,122.7,0.7,43.2,152.5,3.5,0.8,62.7,275.2,4.4,4.8,8.3,1.1,14.1,7.8,74.6,0.9,1.3,2.2
2017,UTEP,12,11.8,12.6,27.6,45.6,136.2,0.6,28.8,95.5,3.3,0.8,56.3,231.7,4.1,5.2,5.8,1.3,12.3,5.8,53.3,0.5,1.2,1.7
2018,Oklahoma,14,48.4,19.6,28.6,68.3,322.9,3.1,37.3,247.9,6.6,2.9,65.9,570.7,8.7,13.4,11.4,1.5,26.4,6.1,61.1,0.4,0.5,0.9
2018,Utah State,13,47.5,23.3,35.8,65.2,294.2,2.5,36.8,204.4,5.5,2.8,72.6,498.6,6.9,12.5,9.4,1.3,23.2,7.8,70.5,0.9,0.5,1.4
2018,Alabama,15,45.6,20.1,29.2,68.7,323.6,3.5,38.1,198.4,5.2,2.2,67.3,522.0,7.8,13.0,10.3,1.4,24.7,5.8,53.1,0.5,0.5,1.0
2018,Clemson,15,44.3,21.8,33.9,64.4,278.7,2.5,37.8,249.3,6.6,3.3,71.7,528.0,7.4,12.0,10.5,1.3,23.9,4.6,41.6,0.6,0.5,1.1
2018,Houston,13,43.9,21.8,36.5,59.9,295.5,3.5,41.2,216.5,5.3,2.2,77.6,512.0,6.6,12.3,11.3,2.1,25.7,6.7,52.5,0.8,0.7,1.5
2018,UCF,13,43.2,17.2,30.2,57.1,257.5,2.2,45.6,266.1,5.8,3.2,75.8,523.5,6.9,10.8,13.5,2.5,26.8,7.5,65.2,0.5,0.5,1.1
2018,Memphis,14,42.9,18.3,29.5,62.0,243.2,2.0,43.9,279.9,6.4,3.4,73.4,523.1,7.1,11.0,11.8,1.8,24.6,7.2,59.5,0.5,0.7,1.2
2018,Ohio State,14,42.4,28.2,40.0,70.5,358.7,3.6,40.7,177.0,4.3,1.7,80.7,535.7,6.6,16.5,9.7,2.6,28.8,8.3,75.4,0.6,0.6,1.2
2018,Toledo,13,40.4,16.9,30.4,55.7,227.9,2.5,40.9,215.9,5.3,2.3,71.3,443.8,6.2,10.3,10.2,2.5,23.0,7.6,71.6,0.5,0.8,1.4
2018,West Virginia,12,40.3,24.3,37.1,65.4,351.3,3.2,35.4,160.9,4.5,1.8,72.5,512.3,7.1,14.4,8.3,1.6,24.3,7.1,66.7,0.6,0.8,1.4
2018,Syracuse,13,40.2,20.8,35.6,58.5,264.7,1.7,45.6,202.1,4.4,2.9,81.2,466.8,5.7,10.3,11.0,2.2,23.6,7.2,59.1,0.5,0.9,1.4
2018,Ohio,13,40.1,14.2,23.9,59.5,208.2,1.9,42.7,258.7,6.1,3.1,66.6,466.9,7.0,9.2,13.0,2.3,24.5,4.9,50.2,0.8,0.6,1.5
2018,Oklahoma State,13,38.4,22.5,37.8,59.3,308.7,2.5,39.9,190.7,4.8,2.3,77.8,499.4,6.4,14.2,10.2,1.8,26.1,6.8,70.5,0.7,1.0,1.7
2018,Georgia,14,37.9,17.3,25.5,67.8,226.9,2.4,40.4,239.2,5.9,2.1,65.9,466.1,7.1,10.1,12.1,1.5,23.6,5.5,49.6,0.6,0.4,1.0
2018,Washington State,13,37.5,36.8,52.1,70.6,373.5,3.0,21.4,78.9,3.7,1.8,73.5,452.5,6.2,17.8,4.5,1.9,24.5,6.6,65.0,0.3,0.8,1.1
2018,Appalachian State,13,37.3,15.1,24.5,61.4,190.6,2.1,41.5,240.4,5.8,2.4,66.1,431.0,6.5,8.6,10.1,1.7,20.4,6.3,57.5,0.4,0.9,1.3
2018,Texas Tech,12,37.3,30.1,44.6,67.5,352.6,2.3,36.4,131.8,3.6,2.2,81.0,484.3,6.0,16.7,7.9,1.9,26.6,7.9,73.8,0.6,1.3,1.8
2018,Missouri,13,36.6,21.6,34.7,62.3,279.4,2.2,42.5,202.4,4.8,2.1,77.2,481.8,6.2,12.3,9.9,2.4,24.6,6.9,61.5,0.5,0.6,1.2
2018,Texas A&M,13,36.0,19.5,34.0,57.5,252.6,1.9,41.2,219.0,5.3,2.2,75.2,471.6,6.3,11.8,11.6,2.4,25.8,6.2,50.9,0.6,0.7,1.3
2018,Boise State,13,35.4,23.8,35.4,67.4,292.0,2.4,39.9,167.5,4.2,1.8,75.3,459.5,6.1,13.0,9.8,1.3,24.2,5.8,53.8,0.4,0.6,1.0
2018,Michigan,13,35.2,17.2,26.8,64.1,215.7,1.8,42.2,203.8,4.8,2.0,69.0,419.5,6.1,9.5,10.5,1.6,21.5,6.8,63.5,0.2,0.7,0.9
2018,Florida,13,35.0,16.7,28.0,59.6,213.5,2.2,40.3,213.3,5.3,1.8,68.3,426.8,6.2,9.5,11.1,1.3,21.8,7.3,62.7,0.6,0.5,1.1
2018,Cincinnati,13,34.9,17.5,28.8,60.7,219.0,1.7,46.2,239.5,5.2,2.8,74.9,458.5,6.1,9.9,12.4,1.2,23.5,8.2,73.7,1.0,0.5,1.5
2018,Temple,13,34.9,19.4,34.0,57.0,253.6,1.5,37.5,157.8,4.2,2.2,71.5,411.5,5.8,11.8,8.0,1.2,21.1,7.3,70.1,0.5,1.5,1.9
2018,Oregon,13,34.8,18.9,32.1,59.0,247.8,2.2,40.5,180.8,4.5,2.2,72.5,428.7,5.9,10.8,9.2,1.6,21.6,4.6,43.7,0.7,0.6,1.3
2018,Buffalo,14,34.6,16.4,29.9,54.9,225.4,2.0,41.5,189.6,4.6,2.6,71.4,414.9,5.8,9.1,9.7,3.2,22.1,4.9,40.9,0.5,0.9,1.4
2018,Florida International,13,34.6,19.3,29.5,65.5,245.7,2.1,36.9,176.6,4.8,2.1,66.4,422.3,6.4,11.0,8.3,2.0,21.3,4.9,43.8,0.4,0.6,1.0
2018,Fresno State,14,34.6,21.5,31.4,68.4,267.1,1.9,35.4,154.9,4.4,2.2,66.8,422.1,6.3,11.4,7.5,1.3,20.1,5.1,43.8,0.6,0.4,1.0
2018,North Texas,13,34.6,24.7,38.8,63.7,306.8,2.2,35.5,153.8,4.3,1.9,74.3,460.5,6.2,14.0,8.3,2.4,24.7,4.4,49.5,0.6,0.7,1.3
2018,Ole Miss,12,33.9,23.5,36.8,63.9,346.4,1.8,34.8,164.9,4.7,2.0,71.6,511.3,7.1,13.6,8.8,1.8,24.1,7.3,66.8,0.4,0.8,1.2
2018,North Carolina State,13,33.8,25.7,38.2,67.3,313.2,1.9,37.2,143.1,3.8,2.1,75.4,456.2,6.1,14.2,7.7,2.3,24.2,4.6,44.7,0.5,0.8,1.4
2018,Penn State,13,33.8,15.8,29.2,54.2,218.2,1.6,40.0,204.8,5.1,2.6,69.2,423.0,6.1,9.0,10.3,2.2,21.5,4.7,42.4,1.0,0.6,1.6
2018,Georgia Tech,13,33.6,4.3,9.7,44.4,83.8,0.5,57.3,325.1,5.7,3.5,67.0,408.8,6.1,3.0,16.8,1.4,21.2,3.8,36.7,1.0,0.3,1.3
2018,Liberty,12,33.3,20.4,37.3,54.7,261.5,1.8,40.6,161.4,4.0,2.5,77.9,422.9,5.4,12.8,8.4,1.9,23.0,4.3,38.2,0.5,1.5,2.0
2018,Army,13,32.8,4.0,7.5,53.1,80.1,0.5,63.4,312.5,4.9,3.6,70.9,392.5,5.5,2.8,17.7,1.3,21.8,4.8,48.2,0.4,0.2,0.6
2018,Massachusetts,12,32.8,21.8,34.3,63.7,298.0,2.3,34.0,139.8,4.1,1.8,68.3,437.8,6.4,12.9,7.3,1.4,21.7,5.7,48.5,1.2,0.8,2.0
2018,Wake Forest,13,32.8,19.1,34.2,55.9,235.2,1.9,48.2,216.7,4.5,1.6,82.3,451.8,5.5,10.9,12.2,1.6,24.7,4.2,42.2,0.5,1.0,1.5
2018,LSU,13,32.4,17.2,29.8,57.9,228.5,1.3,43.0,173.6,4.0,2.2,72.8,402.1,5.5,10.2,9.9,2.6,22.7,6.4,61.1,0.6,0.4,1.0
2018,Boston College,12,32.0,16.3,28.1,57.9,215.3,2.1,46.4,189.2,4.1,1.9,74.5,404.4,5.4,8.9,9.5,1.0,19.4,6.3,49.2,0.8,0.8,1.6
2018,Western Michigan,13,32.0,18.6,30.4,61.3,238.5,1.5,43.6,199.8,4.6,2.5,74.0,438.4,5.9,10.5,9.9,2.4,22.8,5.9,53.8,0.8,0.7,1.5
2018,Louisiana,14,31.9,15.7,24.9,63.2,205.6,1.9,39.4,218.8,5.5,2.2,64.3,424.4,6.6,8.4,10.0,1.3,19.7,4.9,43.2,0.2,1.0,1.2
2018,Notre Dame,13,31.4,20.6,32.2,64.1,257.5,1.8,41.1,182.9,4.5,2.1,73.2,440.4,6.0,12.0,9.8,1.6,23.4,5.2,45.8,0.3,1.0,1.3
2018,Arizona,12,31.3,18.0,32.4,55.5,255.3,2.4,41.1,202.4,4.9,1.2,73.5,457.7,6.2,10.8,9.6,3.2,23.6,7.9,75.7,0.8,0.8,1.6
2018,Iowa,13,31.2,18.6,31.4,59.3,226.6,2.1,37.5,148.4,4.0,1.5,68.9,375.0,5.4,10.6,7.6,1.8,20.1,4.8,42.5,0.5,0.8,1.4
2018,Florida Atlantic,12,31.1,18.8,30.3,62.1,237.0,1.2,47.2,241.8,5.1,2.9,77.5,478.8,6.2,9.6,13.0,1.4,23.9,6.6,62.8,0.5,1.3,1.8
2018,Nevada,13,31.1,22.7,37.9,59.8,278.8,1.9,33.4,152.2,4.6,1.8,71.3,431.0,6.0,11.8,7.8,1.2,20.9,5.9,56.8,0.8,1.3,2.2
2018,Texas,14,31.1,22.1,34.0,65.1,258.2,2.0,40.3,153.8,3.8,1.7,74.3,412.0,5.5,12.1,9.2,1.9,23.2,7.4,67.0,0.4,0.4,0.8
2018,Auburn,13,30.9,17.9,29.3,61.2,222.5,1.6,39.4,167.5,4.3,1.9,68.7,389.9,5.7,8.8,9.9,1.7,20.4,6.4,56.7,0.6,0.4,1.0
2018,Hawaii,14,30.8,22.9,38.9,58.7,310.3,3.1,29.7,109.9,3.7,0.8,68.6,420.1,6.1,13.0,6.7,1.9,21.6,5.9,52.6,0.6,0.9,1.5
2018,Old Dominion,12,30.8,24.4,40.0,61.0,297.0,1.8,35.4,130.8,3.7,2.0,75.4,427.8,5.7,13.0,7.4,2.9,23.3,5.2,49.6,0.7,1.0,1.7
2018,Troy,13,30.7,19.1,28.6,66.7,215.3,1.9,37.2,173.8,4.7,1.6,65.8,389.2,5.9,9.2,8.2,1.5,19.0,7.1,56.0,1.0,0.6,1.6
2018,Georgia Southern,13,30.5,5.4,9.0,59.8,79.0,0.8,49.1,266.8,5.4,2.7,58.1,345.8,6.0,2.9,13.0,1.0,16.8,4.7,40.4,0.4,0.0,0.4
2018,Purdue,13,30.5,25.6,39.2,65.4,307.5,2.2,30.8,136.4,4.4,1.5,69.9,443.9,6.3,12.0,7.5,2.4,21.8,6.2,64.4,0.5,1.0,1.5
2018,SMU,12,30.4,22.3,39.0,57.3,271.7,2.3,33.3,115.6,3.5,1.4,72.3,387.3,5.4,11.3,6.3,2.5,20.0,5.3,45.8,0.5,0.7,1.2
2018,Air Force,12,30.3,7.8,14.0,55.4,131.3,0.8,59.4,283.7,4.8,2.8,73.4,415.0,5.7,5.2,15.4,1.4,22.0,4.5,43.4,0.8,0.4,1.3
2018,Arkansas State,13,30.3,23.3,36.3,64.2,281.5,2.2,38.9,186.0,4.8,1.4,75.2,467.5,6.2,12.0,9.4,1.7,23.1,7.6,68.1,0.5,0.8,1.2
2018,South Carolina,13,30.1,20.9,34.1,61.4,272.8,2.5,34.0,153.3,4.5,1.2,68.1,426.2,6.3,12.1,8.0,1.5,21.6,6.3,53.2,0.5,1.1,1.6
2018,Nebraska,12,30.0,21.4,33.7,63.6,247.2,1.6,38.7,209.0,5.4,2.1,72.3,456.2,6.3,10.8,10.8,1.5,23.2,7.7,70.8,0.9,0.9,1.8
2018,Arizona State,13,29.9,19.0,30.5,62.2,232.7,1.5,38.4,184.2,4.8,2.0,68.9,416.9,6.0,10.1,9.8,1.6,21.5,6.1,53.8,0.3,0.5,0.8
2018,UAB,14,29.9,13.6,24.3,56.2,204.4,1.3,44.3,201.4,4.5,2.3,68.6,405.8,5.9,8.9,11.0,1.4,21.4,6.8,72.9,0.2,1.1,1.4
2018,Virginia Tech,13,29.8,19.2,33.0,58.3,253.8,2.2,39.8,174.3,4.4,1.5,72.8,428.2,5.9,11.2,9.7,1.5,22.3,5.8,54.9,0.5,0.8,1.2
2018,Wisconsin,13,29.7,13.8,23.4,58.9,157.7,1.5,43.9,273.4,6.2,2.5,67.3,431.1,6.4,7.7,13.5,0.6,21.8,5.7,50.5,0.8,1.1,1.8
2018,Baylor,13,29.5,22.8,37.3,61.0,290.0,1.7,38.6,169.1,4.4,1.9,75.9,459.1,6.0,12.0,11.2,2.2,25.5,7.8,74.1,0.5,1.0,1.5
2018,Duke,13,29.4,21.4,36.6,58.4,246.1,2.4,36.9,159.6,4.3,1.5,73.5,405.7,5.5,10.5,8.7,1.3,20.5,4.2,34.8,0.8,0.8,1.5
2018,Minnesota,13,28.9,14.6,26.6,54.9,208.8,1.5,40.2,171.2,4.3,1.8,66.8,380.0,5.7,9.2,9.3,2.2,20.7,3.9,39.1,0.8,1.1,1.9
2018,Miami (FL),13,28.8,14.0,27.4,51.1,167.3,1.5,36.8,191.5,5.2,1.9,64.2,358.8,5.6,6.8,9.0,1.2,17.1,5.6,46.3,0.9,1.1,2.0
2018,UNLV,12,28.8,14.8,29.0,50.9,166.8,2.0,45.3,224.7,5.0,1.9,74.3,391.5,5.3,7.4,11.3,1.8,20.5,5.4,45.7,0.6,1.0,1.6
2018,Maryland,12,28.5,10.4,20.1,51.9,141.3,1.0,40.5,230.3,5.7,2.1,60.6,371.5,6.1,5.2,10.3,1.4,16.9,8.3,79.7,0.8,0.4,1.2
2018,Mississippi State,13,28.5,12.7,24.8,51.1,173.8,1.7,39.5,223.6,5.7,2.0,64.4,397.4,6.2,6.7,11.8,1.2,19.6,6.4,57.5,0.2,0.8,1.0
2018,South Florida,13,28.5,19.4,33.2,58.3,242.5,1.3,39.7,195.9,4.9,2.0,72.9,438.4,6.0,10.6,9.8,1.3,21.8,7.6,67.5,0.8,0.9,1.7
2018,Vanderbilt,13,28.5,19.8,32.0,62.0,243.7,1.8,33.3,167.6,5.0,1.7,65.3,411.3,6.3,10.5,8.3,2.3,21.2,5.5,43.7,0.6,0.5,1.1
2018,Virginia,13,28.5,17.5,27.5,63.7,211.6,2.0,38.4,172.9,4.5,1.5,65.9,384.5,5.8,9.5,10.5,1.2,21.2,4.5,40.6,0.8,0.7,1.5
2018,Stanford,13,28.4,20.8,32.5,64.1,273.1,2.2,29.5,107.9,3.7,1.2,62.1,381.0,6.1,11.5,5.1,2.7,19.3,5.5,42.2,0.3,0.8,1.2
2018,Marshall,13,28.2,18.5,33.3,55.4,228.1,1.5,36.5,165.5,4.5,1.7,69.8,393.6,5.6,9.9,8.8,1.3,20.0,6.5,60.5,0.9,1.0,1.9
2018,Miami (OH),12,28.1,18.8,31.3,60.1,212.3,1.4,36.8,159.9,4.4,2.0,68.1,372.2,5.5,10.3,7.2,1.6,19.0,6.5,58.0,0.4,0.3,0.8
2018,Utah,14,28.1,17.9,29.1,61.4,213.9,1.4,40.2,182.4,4.5,1.6,69.3,396.4,5.7,9.1,9.8,1.4,20.3,5.1,46.9,1.0,0.9,1.9
2018,Middle Tennessee State,14,28.0,23.9,34.6,69.0,259.9,2.1,35.6,128.9,3.6,1.1,70.1,388.8,5.5,11.2,7.9,1.6,20.8,5.4,50.9,0.6,0.8,1.4
2018,North Carolina,11,27.4,22.2,37.6,58.9,249.1,1.3,36.5,193.0,5.3,1.7,74.2,442.1,6.0,10.6,9.5,1.1,21.3,6.0,55.6,0.8,1.3,2.1
2018,Brigham Young,13,27.2,18.2,28.6,63.4,211.8,1.4,37.0,153.5,4.1,2.1,65.6,365.2,5.6,9.3,8.3,1.5,19.2,5.7,48.7,0.8,0.5,1.3
2018,Colorado,12,27.1,22.6,35.0,64.5,249.6,1.6,37.7,143.0,3.8,1.8,72.7,392.6,5.4,11.1,7.6,2.0,20.7,5.9,55.3,0.6,1.0,1.6
2018,Eastern Michigan,13,27.0,18.9,29.8,63.6,226.7,1.6,37.8,146.1,3.9,1.8,67.6,372.8,5.5,9.5,7.2,1.5,18.3,7.3,68.4,0.8,0.3,1.1
2018,Iowa State,13,26.8,18.2,27.8,65.7,240.9,1.5,35.7,130.2,3.6,1.5,63.5,371.2,5.8,9.5,7.9,1.9,19.2,4.8,39.8,0.8,0.7,1.5
2018,Tulane,13,26.8,11.7,23.1,50.7,183.1,1.2,46.2,218.7,4.7,2.2,69.2,401.8,5.8,7.2,10.2,1.3,18.7,6.8,61.9,0.9,0.5,1.5
2018,Coastal Carolina,12,26.7,13.7,22.1,61.9,180.7,1.6,42.8,198.7,4.6,1.8,64.9,379.3,5.8,8.0,10.6,2.1,20.7,4.3,41.1,0.9,0.6,1.5
2018,Kentucky,13,26.6,14.9,22.8,65.5,161.5,1.1,41.0,202.0,4.9,2.1,63.8,363.5,5.7,7.4,10.8,1.8,19.9,6.1,55.5,0.6,0.8,1.4
2018,Louisiana-Monroe,12,26.6,19.9,32.3,61.8,247.5,1.4,34.5,167.3,4.9,1.8,66.8,414.8,6.2,10.2,8.8,1.5,20.5,5.3,49.0,0.9,1.0,1.9
2018,New Mexico,12,26.6,12.8,24.0,53.1,176.8,1.8,42.1,153.2,3.6,1.4,66.1,330.0,5.0,7.1,9.2,1.3,17.5,4.7,47.4,0.8,1.4,2.2
2018,Indiana,12,26.4,26.3,40.1,65.7,257.8,1.7,35.7,157.3,4.4,1.4,75.8,415.2,5.5,11.9,8.8,2.8,23.5,5.9,60.8,0.7,1.1,1.8
2018,Washington,14,26.4,18.9,28.9,65.2,238.4,1.4,40.3,176.3,4.4,1.8,69.2,414.6,6.0,11.1,9.3,1.7,22.1,4.9,44.2,0.4,0.9,1.2
2018,Southern Mississippi,11,26.2,24.5,35.4,69.2,255.0,1.7,36.3,112.6,3.1,1.0,71.6,367.6,5.1,12.0,7.0,1.8,20.8,5.5,45.5,0.9,1.2,2.1
2018,Oregon State,12,26.1,21.6,35.8,60.2,249.2,1.4,40.4,155.6,3.8,1.9,76.3,404.8,5.3,11.5,8.8,1.6,21.9,5.3,47.9,0.8,0.8,1.5
2018,USC,12,26.1,20.3,33.4,60.8,248.2,1.5,32.8,134.4,4.1,1.4,66.2,382.6,5.8,10.3,7.0,1.9,19.3,8.0,73.6,0.8,0.8,1.6
2018,Illinois,12,26.0,14.8,27.3,54.0,165.7,0.8,40.8,244.8,6.0,2.1,68.2,410.4,6.0,7.6,10.4,1.4,19.4,6.3,64.4,0.8,1.2,2.0
2018,Pitt,14,25.6,13.0,22.6,57.6,141.8,0.9,40.8,227.9,5.6,2.1,63.4,369.7,5.8,5.1,10.9,1.2,17.2,7.2,67.3,0.7,0.4,1.1
2018,New Mexico State,12,25.3,24.8,44.8,55.3,265.2,1.3,29.5,106.0,3.6,1.2,74.3,371.2,5.0,11.6,6.5,2.4,20.5,6.3,52.8,0.8,1.3,2.1
2018,Navy,13,25.0,4.2,9.9,41.9,72.8,0.4,56.1,276.6,4.9,2.8,66.0,349.5,5.3,2.9,13.9,1.1,17.9,3.7,30.0,0.9,0.4,1.3
2018,Louisiana Tech,13,24.7,20.8,36.6,56.7,249.5,1.2,33.7,129.8,3.9,1.7,70.3,379.4,5.4,11.0,7.7,2.1,20.7,4.6,45.1,0.6,0.8,1.5
2018,UCLA,12,24.6,19.9,33.6,59.3,237.8,1.1,37.5,155.3,4.1,1.7,71.1,393.0,5.5,11.2,8.2,1.8,21.1,6.8,57.0,0.6,0.8,1.4
2018,Bowling Green State,12,24.3,20.8,33.7,61.9,238.7,2.3,34.5,118.1,3.4,0.8,68.2,356.8,5.2,10.8,6.5,1.9,19.2,7.8,65.7,0.8,1.1,1.8
2018,Ball State,12,24.2,24.0,39.7,60.5,252.9,1.4,37.1,156.2,4.2,1.7,76.8,409.1,5.3,12.3,9.3,2.1,23.6,6.8,66.9,0.8,1.0,1.8
2018,Northwestern,14,24.2,22.8,37.6,60.5,239.4,1.2,37.0,114.9,3.1,1.8,74.6,354.4,4.7,11.5,6.6,2.5,20.6,2.9,25.9,0.2,1.1,1.4
2018,South Alabama,12,24.2,16.7,26.6,62.7,203.3,1.6,40.9,152.0,3.7,1.4,67.5,355.3,5.3,7.8,8.0,1.9,17.8,8.9,83.5,1.0,0.8,1.8
2018,Tulsa,12,24.1,14.3,26.4,53.9,177.1,1.1,48.2,201.8,4.2,1.9,74.6,378.9,5.1,8.1,11.1,1.0,20.2,7.2,63.4,1.0,0.8,1.8
2018,Georgia State,12,23.9,17.3,29.3,58.8,206.8,1.3,38.4,172.4,4.5,1.8,67.8,379.2,5.6,9.2,9.5,1.8,20.4,4.0,39.9,1.0,0.5,1.5
2018,Kent State,12,23.9,20.6,35.0,58.8,211.9,1.2,41.1,171.8,4.2,1.7,76.1,383.7,5.0,9.0,9.4,2.3,20.8,9.0,76.6,0.8,0.8,1.7
2018,Kansas,12,23.8,19.2,32.8,58.5,192.7,1.5,35.2,158.2,4.5,1.2,67.9,350.8,5.2,9.3,7.2,1.5,17.9,6.5,55.8,0.6,0.3,0.9
2018,TCU,13,23.5,18.3,31.4,58.3,210.8,1.4,38.1,157.2,4.1,1.1,69.5,368.1,5.3,9.2,8.8,1.0,18.9,4.3,39.1,0.8,1.2,2.0
2018,Colorado State,12,22.8,25.3,41.8,60.5,304.9,2.2,32.6,105.8,3.2,0.7,74.3,410.8,5.5,13.8,7.0,2.1,22.8,7.8,65.8,0.5,1.3,1.8
2018,East Carolina,12,22.8,23.8,47.3,50.2,284.8,1.5,35.6,129.7,3.6,1.1,82.9,414.4,5.0,12.5,7.6,2.7,22.8,4.8,45.6,0.8,1.3,2.1
2018,Tennessee,12,22.8,14.7,24.8,59.3,196.4,1.3,34.5,130.0,3.8,1.3,59.3,326.4,5.5,8.0,6.3,1.8,16.0,5.7,46.5,0.9,0.4,1.3
2018,Kansas State,12,22.5,13.8,24.2,57.2,162.1,0.9,42.3,182.6,4.3,1.7,66.4,344.7,5.2,7.3,9.7,1.8,18.8,4.9,44.8,0.8,0.6,1.4
2018,Connecticut,12,22.2,16.6,29.2,56.9,178.9,1.7,41.6,199.6,4.8,1.3,70.8,378.5,5.3,8.2,10.3,2.4,20.8,4.5,39.3,0.9,1.4,2.3
2018,Florida State,12,21.9,21.6,37.9,56.9,269.1,1.7,32.6,90.9,2.8,0.9,70.5,360.0,5.1,10.7,5.0,1.4,17.1,9.2,70.9,1.1,1.1,2.2
2018,Arkansas,12,21.7,16.8,30.8,54.6,191.8,1.4,36.7,143.3,3.9,0.9,67.5,335.1,5.0,8.4,7.9,1.9,18.3,5.8,51.8,0.7,1.5,2.2
2018,Charlotte,12,21.7,15.2,25.3,60.1,180.5,0.8,43.8,162.7,3.7,1.5,69.0,343.2,5.0,7.9,9.8,1.8,19.8,5.3,47.1,0.6,0.7,1.3
2018,California,13,21.5,19.5,32.5,60.0,185.8,1.2,37.5,157.7,4.2,1.0,70.0,343.5,4.9,8.7,8.5,2.1,19.3,5.7,50.1,0.8,1.5,2.4
2018,San Jose State,12,21.3,21.5,37.4,57.5,260.9,1.8,29.7,61.5,2.1,0.7,67.1,322.4,4.8,11.7,3.7,1.3,16.7,6.8,54.6,0.5,1.1,1.6
2018,Western Kentucky,12,21.1,21.2,35.9,58.9,226.8,1.3,36.7,136.7,3.7,1.3,72.6,363.5,5.0,10.0,8.9,2.0,20.9,6.5,57.6,0.6,0.8,1.4
2018,Wyoming,12,20.7,11.3,23.0,48.9,131.3,0.7,41.0,200.1,4.9,1.6,64.0,331.4,5.2,6.0,9.7,1.3,17.0,6.0,49.7,0.6,0.3,0.9
2018,San Diego State,13,20.6,12.8,24.0,53.2,187.2,1.1,39.9,161.7,4.1,1.2,63.9,348.8,5.5,8.1,8.1,1.2,17.3,7.2,61.8,0.8,0.5,1.4
2018,Northern Illinois,14,20.1,16.9,28.6,58.9,155.4,1.1,42.6,166.9,3.9,1.2,71.3,322.3,4.5,7.9,10.0,1.4,19.3,6.5,61.1,0.6,0.8,1.4
2018,Louisville,12,19.8,17.5,32.8,53.3,211.1,0.8,33.5,142.4,4.3,1.5,66.3,353.5,5.3,9.5,7.9,1.3,18.8,8.4,71.8,0.8,1.3,2.1
2018,Texas State,12,19.8,16.1,27.5,58.5,182.3,1.3,37.2,147.2,4.0,1.3,64.7,329.5,5.1,7.8,7.7,1.9,17.4,6.0,48.2,0.9,1.0,1.9
2018,Akron,12,18.9,15.6,31.2,50.0,199.2,1.3,32.3,98.2,3.0,0.4,63.5,297.3,4.7,8.8,5.8,2.3,16.8,6.7,61.1,0.8,1.2,2.0
2018,Rice,13,18.9,15.2,28.3,53.5,174.8,1.0,37.7,143.6,3.8,1.2,66.0,318.4,4.8,8.2,7.0,1.0,16.2,4.5,39.5,0.5,1.2,1.8
2018,Michigan State,13,18.7,19.6,38.2,51.4,217.2,0.9,35.8,124.8,3.5,1.1,73.9,342.1,4.6,11.2,7.1,1.9,20.2,6.0,54.7,0.6,1.1,1.7
2018,UTEP,12,17.7,13.4,27.0,49.7,184.0,0.8,35.6,123.7,3.5,1.4,62.6,307.7,4.9,7.5,6.6,1.4,15.5,5.3,43.2,0.8,1.6,2.3
2018,Central Michigan,12,15.0,14.7,30.2,48.6,134.5,0.8,37.3,120.6,3.2,0.7,67.4,255.1,3.8,6.4,7.0,1.7,15.1,8.2,70.9,0.8,1.5,2.3
2018,UTSA,12,14.2,17.0,33.7,50.5,159.8,0.8,29.4,87.3,3.0,0.6,63.1,247.2,3.9,8.1,5.8,1.3,15.3,5.4,41.6,0.7,0.8,1.5
2018,Rutgers,12,13.5,14.3,29.2,48.9,132.2,0.4,35.1,134.1,3.8,1.0,64.3,266.3,4.1,6.0,7.2,2.0,15.2,6.3,62.3,0.6,1.8,2.4
2019,LSU,15,48.4,28.4,37.8,75.1,401.6,4.1,33.9,167.3,4.9,2.1,71.7,568.9,7.9,16.3,10.1,1.6,27.9,6.2,62.4,0.3,0.5,0.8
2019,Alabama,13,47.2,22.1,31.2,70.7,342.2,3.8,33.5,168.7,5.0,2.1,64.7,510.9,7.9,13.0,9.7,1.8,24.5,7.3,65.8,0.3,0.5,0.8
2019,Ohio State,14,46.9,19.4,28.9,66.9,263.1,3.4,47.1,267.3,5.7,2.8,76.1,530.4,7.0,12.3,13.7,2.4,28.4,5.8,55.0,0.9,0.2,1.1
2019,Clemson,15,43.9,21.7,33.9,64.0,288.3,2.7,37.7,240.5,6.4,3.0,71.6,528.9,7.4,12.7,11.1,2.5,26.2,5.7,45.6,0.3,0.7,1.0
2019,UCF,13,43.4,20.8,35.2,59.3,316.7,2.8,42.9,224.8,5.2,2.6,78.1,541.5,6.9,11.0,11.8,2.8,25.6,8.5,73.2,0.5,0.6,1.2
2019,Oklahoma,14,42.1,18.7,27.2,68.8,297.4,2.6,40.3,240.4,6.0,2.7,67.5,537.8,8.0,12.3,11.6,1.1,24.9,7.2,74.8,0.7,0.6,1.4
2019,SMU,13,41.8,24.1,38.6,62.4,309.0,2.6,41.1,180.8,4.4,2.7,79.7,489.8,6.1,12.5,9.2,3.2,24.8,6.4,57.2,0.5,0.8,1.3
2019,Memphis,14,40.4,20.1,31.5,63.7,298.4,2.4,39.4,186.7,4.7,2.3,70.9,485.1,6.8,11.5,9.6,2.2,23.4,7.4,59.9,0.6,0.8,1.4
2019,Appalachian State,14,38.8,16.5,26.4,62.4,201.7,2.1,42.6,232.0,5.4,2.5,69.1,433.7,6.3,8.9,10.8,1.4,21.1,6.8,63.9,0.2,0.4,0.6
2019,Louisiana,14,37.9,19.1,29.4,65.0,236.7,1.9,40.9,257.4,6.3,3.0,70.4,494.1,7.0,10.9,12.8,1.4,25.1,7.0,58.4,0.7,0.3,1.0
2019,Washington State,13,37.8,38.8,54.6,71.1,437.2,3.8,16.2,68.1,4.2,0.9,70.8,505.2,7.1,19.8,4.2,1.8,25.8,5.8,56.0,0.7,1.2,1.9
2019,Navy,13,37.2,4.2,7.9,53.4,95.2,0.8,59.3,360.7,6.1,4.0,67.2,455.9,6.8,3.2,17.8,0.9,22.0,4.2,35.3,1.0,0.3,1.3
2019,Notre Dame,13,36.8,19.5,32.0,60.8,252.2,2.8,36.4,179.0,4.9,1.5,68.4,431.2,6.3,10.4,8.8,1.8,20.9,6.5,52.8,0.4,0.5,0.8
2019,Florida Atlantic,14,36.4,22.4,35.9,62.5,282.6,2.1,39.1,166.8,4.3,2.3,74.9,449.4,6.0,12.9,8.9,1.8,23.6,6.8,62.1,0.3,0.6,0.9
2019,Penn State,13,35.8,16.7,28.4,58.8,221.3,1.9,39.3,192.0,4.9,2.6,67.7,413.3,6.1,10.3,9.7,1.4,21.2,4.4,45.3,0.4,0.7,1.1
2019,Oregon,14,35.4,21.3,31.8,67.0,258.2,2.5,36.1,177.3,4.9,1.9,67.9,435.5,6.4,12.1,8.9,1.9,22.9,6.1,61.6,0.4,0.4,0.8
2019,Texas,13,35.2,23.5,36.2,65.1,289.3,2.5,36.8,177.2,4.8,1.9,72.9,466.5,6.4,13.1,10.0,1.9,25.0,7.3,68.5,0.3,0.8,1.1
2019,Ball State,12,34.8,19.9,31.1,64.1,243.6,2.0,44.2,221.3,5.0,2.3,75.3,464.8,6.2,11.4,9.8,2.2,24.3,5.9,53.0,0.8,0.6,1.3
2019,Boise State,14,34.7,20.5,33.1,61.9,261.7,2.2,37.6,167.6,4.5,1.9,70.7,429.4,6.1,11.4,9.7,1.6,22.7,5.5,50.7,0.6,0.8,1.4
2019,Ohio,13,34.3,15.6,25.8,60.6,220.5,1.6,40.5,221.8,5.5,2.8,66.2,442.2,6.7,9.7,11.4,1.8,22.8,5.4,48.2,1.0,0.5,1.5
2019,Air Force,13,34.1,5.2,9.7,54.0,123.2,1.1,58.0,299.0,5.2,3.2,67.7,422.2,6.2,4.0,17.5,0.5,22.0,3.2,28.3,0.9,0.5,1.4
2019,Minnesota,13,34.1,16.3,24.8,65.6,253.3,2.4,43.1,178.7,4.1,1.9,67.9,432.0,6.4,10.9,10.4,1.3,22.6,4.3,38.6,0.5,0.6,1.2
2019,Wisconsin,14,34.1,17.6,25.1,70.1,200.1,1.3,43.3,233.7,5.4,2.7,68.4,433.9,6.3,9.6,12.4,0.9,22.9,4.9,45.4,1.2,0.4,1.6
2019,Hawaii,15,33.9,26.4,42.3,62.4,337.1,2.8,27.7,134.7,4.9,1.4,70.1,471.8,6.7,14.7,8.3,1.3,24.5,6.9,61.2,0.9,1.1,2.0
2019,Troy,12,33.8,26.3,40.9,64.4,313.2,2.5,33.3,145.3,4.4,1.6,74.2,458.4,6.2,13.7,8.5,2.3,24.5,5.3,50.3,0.6,0.9,1.5
2019,Arkansas State,13,33.7,22.9,36.1,63.5,312.1,2.8,35.1,127.2,3.6,1.0,71.2,439.3,6.2,12.8,7.4,1.9,22.1,7.6,70.5,0.8,0.8,1.7
2019,Baylor,14,33.6,19.8,31.7,62.4,255.1,1.7,36.0,166.4,4.6,2.5,67.7,421.5,6.2,10.8,9.2,2.3,22.0,6.5,55.6,0.8,0.6,1.4
2019,Auburn,13,33.2,17.6,30.5,57.8,207.5,1.5,42.1,199.4,4.7,2.4,72.5,406.8,5.6,9.5,10.4,1.6,21.5,7.1,55.2,0.8,0.5,1.3
2019,Florida,13,33.2,24.4,35.9,67.9,300.8,2.5,30.4,130.0,4.3,1.6,66.3,430.8,6.5,13.5,6.8,2.5,22.9,5.2,47.5,0.6,0.8,1.4
2019,Louisville,13,33.1,13.6,23.2,58.8,234.2,2.5,43.7,213.8,4.9,1.8,66.8,448.0,6.7,8.8,10.0,1.5,20.2,7.2,60.0,0.8,0.7,1.5
2019,North Carolina,13,33.1,20.4,33.2,61.5,285.8,3.0,40.6,188.2,4.6,0.9,73.8,474.0,6.4,12.8,10.1,1.3,24.2,6.2,53.9,0.4,0.5,0.9
2019,Tulane,13,33.1,15.2,25.8,58.6,206.1,1.5,46.9,244.7,5.2,2.5,72.8,450.8,6.2,9.0,12.8,1.2,23.0,7.9,67.9,0.6,0.8,1.4
2019,Western Michigan,13,33.1,18.9,31.8,59.6,240.6,1.6,38.7,205.1,5.3,2.7,70.5,445.7,6.3,10.2,10.2,1.8,22.2,6.3,58.4,0.5,0.6,1.1
2019,Liberty,13,32.8,19.8,34.8,56.9,288.9,2.2,33.0,151.2,4.6,1.9,67.8,440.2,6.5,12.4,7.6,2.2,22.2,6.8,60.5,0.6,0.6,1.2
2019,Louisiana Tech,13,32.5,21.9,35.2,62.2,268.5,1.6,36.5,168.4,4.6,2.1,71.8,436.8,6.1,12.2,9.2,2.1,23.4,5.5,47.0,0.7,0.8,1.5
2019,Oklahoma State,13,32.5,17.8,27.8,64.1,224.3,1.8,43.2,229.6,5.3,2.1,71.1,453.9,6.4,8.5,11.0,2.5,22.0,5.2,47.1,0.6,0.9,1.5
2019,USC,13,32.5,28.1,39.5,71.0,335.8,2.7,30.1,118.2,3.9,1.4,69.6,454.0,6.5,14.1,7.1,2.0,23.2,6.9,69.3,0.8,1.2,2.0
2019,Utah,14,32.3,16.6,22.9,72.6,227.6,1.4,42.2,201.4,4.8,2.4,65.1,429.0,6.6,8.9,10.5,2.1,21.5,6.7,55.4,0.6,0.3,0.9
2019,Iowa State,13,32.2,24.2,37.2,65.2,311.3,2.2,31.6,133.3,4.2,1.7,68.8,444.6,6.5,14.5,6.7,1.8,22.9,4.7,38.2,0.5,0.7,1.2
2019,Virginia,14,32.1,24.0,37.1,64.7,267.1,1.6,31.6,121.2,3.8,2.0,68.6,388.4,5.7,12.8,6.4,2.0,21.1,4.7,43.7,0.4,1.1,1.5
2019,Washington,13,32.0,20.2,31.6,64.0,243.4,1.8,35.2,149.5,4.2,1.8,66.8,392.9,5.9,10.7,8.4,1.2,20.3,6.1,49.2,0.5,0.6,1.1
2019,Indiana,13,31.8,24.7,36.4,67.9,302.4,1.8,35.7,130.8,3.7,1.8,72.1,433.2,6.0,13.1,8.2,2.2,23.4,6.8,63.8,0.5,0.7,1.2
2019,Wake Forest,13,31.8,21.7,36.1,60.1,288.3,2.4,45.1,175.7,3.9,1.4,81.2,464.0,5.7,12.6,9.3,1.7,23.6,4.4,35.4,0.3,1.0,1.3
2019,Michigan,13,31.7,17.5,31.5,55.6,250.8,1.9,37.8,151.2,4.0,2.0,69.3,402.1,5.8,11.1,8.3,2.8,22.0,6.2,49.9,0.8,0.7,1.5
2019,Louisiana-Monroe,12,31.6,20.4,34.3,59.6,253.4,1.8,37.9,207.7,5.5,2.4,72.2,461.1,6.4,10.8,10.1,1.8,22.7,7.9,64.4,0.5,1.0,1.5
2019,Buffalo,13,31.5,11.5,21.4,54.0,138.1,1.1,50.7,250.5,4.9,2.8,72.1,388.5,5.4,6.4,13.3,1.5,21.2,4.9,44.6,0.6,0.5,1.1
2019,Georgia State,13,31.2,18.3,29.6,61.8,198.2,1.7,45.8,241.6,5.3,2.3,75.5,439.8,5.8,9.9,12.2,1.3,23.5,4.3,42.8,0.5,0.7,1.2
2019,Oregon State,12,31.2,21.7,35.0,61.9,255.1,2.5,34.0,157.0,4.6,1.8,69.0,412.1,6.0,11.7,9.3,1.4,22.3,6.5,58.5,0.2,0.3,0.5
2019,Georgia,14,30.8,18.2,29.6,61.4,223.0,1.9,37.1,185.9,5.0,1.5,66.8,408.9,6.1,10.3,9.1,1.7,21.1,5.4,49.1,0.5,0.4,0.9
2019,Virginia Tech,13,30.8,14.2,24.5,58.2,209.1,1.7,43.5,176.1,4.1,1.6,67.9,385.2,5.7,8.3,9.6,2.0,19.9,5.3,46.6,1.2,0.6,1.8
2019,Houston,12,30.7,14.7,26.0,56.4,203.3,1.6,38.4,189.3,4.9,1.7,64.4,392.6,6.1,8.2,9.4,1.9,19.4,4.8,48.3,0.8,1.0,1.8
2019,North Texas,12,30.6,23.6,37.8,62.3,283.3,2.8,32.9,135.7,4.1,0.9,70.8,419.0,5.9,12.5,7.3,1.3,21.1,5.3,56.0,0.6,1.0,1.6
2019,Texas Tech,12,30.5,28.5,44.3,64.4,324.7,2.0,33.7,149.6,4.4,1.7,77.9,474.3,6.1,14.6,8.3,2.0,24.8,6.3,57.9,0.6,0.7,1.3
2019,Central Michigan,14,30.4,20.7,33.8,61.3,252.2,1.4,37.3,183.0,4.9,2.6,71.1,435.2,6.1,11.4,8.7,2.1,22.3,8.4,66.1,1.2,0.9,2.1
2019,Coastal Carolina,12,30.3,18.1,27.8,65.0,198.3,1.8,43.3,195.9,4.5,2.0,71.1,394.2,5.5,9.3,11.6,1.3,22.1,5.6,48.8,0.7,0.8,1.4
2019,TCU,12,30.3,17.6,32.9,53.4,203.7,1.3,42.5,204.0,4.8,1.9,75.4,407.7,5.4,8.9,10.6,1.9,21.4,6.5,61.3,0.8,0.9,1.7
2019,San Jose State,12,30.1,25.4,41.5,61.2,338.0,2.0,25.3,89.9,3.5,1.6,66.8,427.9,6.4,14.3,5.2,2.2,21.6,6.2,50.7,0.4,0.7,1.1
2019,Fresno State,12,30.0,20.1,31.1,64.6,226.7,1.4,32.5,159.7,4.9,2.3,63.6,386.3,6.1,10.2,7.3,1.9,19.3,6.3,52.8,0.6,0.9,1.5
2019,Charlotte,13,29.8,15.0,24.6,60.9,211.5,1.8,40.5,203.8,5.0,2.0,65.1,415.2,6.4,9.2,9.9,1.7,20.8,5.2,45.7,0.3,1.1,1.4
2019,Cincinnati,14,29.6,14.9,26.9,55.2,182.3,1.4,44.0,208.0,4.7,2.1,70.9,390.3,5.5,7.9,11.4,1.5,20.8,8.8,69.8,0.6,0.8,1.4
2019,Kansas State,13,29.6,13.9,23.3,59.7,180.9,0.9,41.0,179.5,4.4,2.2,64.3,360.5,5.6,8.9,9.0,1.6,19.5,5.9,52.2,0.7,0.4,1.1
2019,Texas A&M,13,29.5,21.0,34.8,60.4,235.4,1.7,32.5,159.8,4.9,1.8,67.3,395.2,5.9,11.7,8.8,1.6,22.1,6.7,55.4,0.8,0.8,1.5
2019,Eastern Michigan,13,29.2,24.1,35.8,67.3,283.2,2.1,32.1,122.5,3.8,1.6,67.8,405.6,6.0,12.8,7.1,2.0,21.8,4.5,40.8,0.4,0.9,1.3
2019,Kent State,13,29.2,18.4,27.4,67.1,219.2,1.8,42.2,186.5,4.4,1.3,69.5,405.7,5.8,8.9,10.4,2.5,21.8,6.2,59.4,0.8,0.2,0.9
2019,Utah State,13,29.2,24.2,38.8,62.5,279.1,1.7,35.0,155.1,4.4,1.4,73.8,434.2,5.9,12.0,8.8,1.5,22.2,5.7,47.3,0.6,1.4,2.0
2019,Boston College,13,29.0,12.4,23.5,52.8,176.0,1.5,50.2,254.2,5.1,2.1,73.6,430.2,5.8,7.2,13.2,0.8,21.2,5.0,37.0,0.5,0.5,1.0
2019,Army,13,28.5,4.5,9.7,46.8,82.0,0.5,57.2,297.2,5.2,3.5,66.8,379.2,5.7,2.9,16.9,1.2,20.9,4.6,38.2,0.8,0.5,1.4
2019,Brigham Young,13,28.5,22.8,36.0,63.2,284.7,1.5,35.5,160.2,4.5,1.9,71.5,444.8,6.2,13.1,8.2,1.3,22.6,6.1,51.4,0.8,0.8,1.6
2019,Syracuse,12,28.3,20.8,34.0,61.3,240.6,1.9,41.8,154.0,3.7,1.3,75.8,394.6,5.2,9.8,8.2,2.0,19.9,8.9,73.9,0.8,0.6,1.3
2019,Georgia Southern,13,28.2,6.2,11.9,51.6,74.5,0.7,51.2,252.8,4.9,2.2,63.2,327.2,5.2,3.5,12.2,1.4,17.1,5.1,43.2,0.8,0.1,0.8
2019,Colorado State,12,28.1,23.3,37.2,62.8,305.3,1.8,32.9,132.2,4.0,1.5,70.1,437.4,6.2,13.1,6.6,1.8,21.5,6.7,65.4,1.1,0.9,2.0
2019,Nebraska,12,28.0,16.2,26.9,60.1,212.6,1.0,45.0,204.5,4.5,2.3,71.9,417.1,5.8,8.9,10.3,1.7,20.8,5.1,43.2,1.0,0.8,1.8
2019,Florida State,13,27.9,21.5,33.2,64.6,267.6,1.8,36.7,140.7,3.8,1.8,69.9,408.3,5.8,10.6,8.1,1.9,20.4,9.2,73.3,0.6,1.0,1.6
2019,Mississippi State,13,27.6,14.3,24.2,59.0,179.5,1.5,40.7,220.7,5.4,2.1,64.9,400.2,6.2,8.6,11.2,1.8,21.5,5.5,44.5,1.0,0.8,1.8
2019,Toledo,12,27.3,16.1,28.3,56.9,209.6,1.3,42.9,225.3,5.2,2.3,71.2,434.8,6.1,9.7,10.5,1.6,21.8,5.6,50.3,1.0,0.6,1.6
2019,Kentucky,13,27.2,9.8,19.8,49.8,113.7,0.7,43.9,279.1,6.4,2.8,63.7,392.8,6.2,5.1,12.7,1.6,19.4,5.8,50.8,0.9,0.6,1.5
2019,Arizona,12,26.9,21.8,35.2,61.8,266.1,1.9,37.5,174.1,4.6,1.6,72.7,440.2,6.1,11.8,9.3,1.7,22.8,6.3,56.4,0.5,1.0,1.5
2019,East Carolina,12,26.8,22.5,37.6,59.9,288.8,1.8,37.2,142.0,3.8,1.0,74.8,430.8,5.8,12.7,8.3,3.1,24.0,5.9,51.3,0.6,0.8,1.4
2019,Illinois,13,26.7,15.2,28.1,54.2,185.3,1.5,37.6,144.4,3.8,1.5,65.7,329.7,5.0,8.5,7.5,1.4,17.4,6.7,61.3,0.7,0.7,1.4
2019,UCLA,12,26.7,21.7,35.5,61.0,255.5,1.8,40.8,150.2,3.7,1.5,76.3,405.7,5.3,11.4,9.3,1.8,22.4,6.8,55.3,0.8,1.0,1.8
2019,Ole Miss,12,26.6,15.5,27.5,56.4,194.0,0.9,46.5,251.3,5.4,2.4,74.0,445.3,6.0,9.3,11.8,1.9,22.8,4.9,48.8,0.8,0.5,1.3
2019,Southern Mississippi,13,26.6,22.4,33.7,66.4,289.5,1.5,33.2,117.8,3.6,1.3,66.8,407.3,6.1,11.8,5.7,1.5,18.9,6.3,57.5,0.7,1.3,2.0
2019,Florida International,13,26.5,17.2,29.9,57.3,213.8,1.1,37.2,166.2,4.5,1.8,67.2,379.9,5.7,9.8,7.8,2.3,19.9,6.1,57.8,0.7,0.5,1.2
2019,Tulsa,12,26.4,21.2,37.0,57.2,281.3,1.7,41.9,138.3,3.3,1.5,78.9,419.7,5.3,11.3,8.6,2.1,21.9,9.1,79.1,0.8,0.8,1.6
2019,Middle Tennessee State,12,26.3,18.9,30.6,61.9,236.4,1.8,33.4,172.5,5.2,1.5,64.0,408.9,6.4,10.1,8.7,1.8,20.6,4.8,42.6,0.4,0.8,1.2
2019,Temple,13,26.3,21.7,36.3,59.7,254.8,2.0,36.6,137.8,3.8,1.2,72.9,392.5,5.4,11.2,7.1,1.9,20.2,7.1,61.6,0.5,1.0,1.5
2019,Iowa,13,25.8,18.7,31.6,59.1,228.9,1.2,34.8,137.6,3.9,1.3,66.5,366.5,5.5,10.5,7.6,1.2,19.1,4.3,32.4,0.4,0.5,0.9
2019,Marshall,13,25.8,15.4,27.3,56.3,200.4,1.2,40.8,193.5,4.7,1.6,68.2,393.8,5.8,7.7,10.9,2.2,20.8,5.8,52.3,0.5,0.8,1.4
2019,Purdue,12,25.8,26.7,43.3,61.5,309.9,2.4,28.4,83.5,2.9,0.8,71.8,393.4,5.5,13.7,5.1,1.8,20.6,4.6,37.7,0.7,1.3,1.9
2019,Miami (FL),13,25.7,19.6,33.5,58.5,249.2,2.1,31.2,118.2,3.8,1.2,64.8,367.4,5.7,11.2,6.2,2.1,19.5,7.0,60.7,0.5,0.8,1.3
2019,Western Kentucky,13,25.4,24.1,36.1,66.7,259.3,1.5,33.2,128.5,3.9,1.4,69.2,387.8,5.6,11.8,7.1,1.6,20.5,4.1,39.8,0.7,0.9,1.6
2019,Wyoming,13,25.4,9.2,19.7,46.9,136.2,0.8,44.0,215.2,4.9,2.1,63.7,351.3,5.5,6.3,9.8,1.6,17.7,5.2,51.1,0.5,0.7,1.2
2019,Duke,12,25.3,17.8,31.5,56.3,179.3,1.5,41.3,150.3,3.6,1.3,72.8,329.7,4.5,8.5,8.4,1.7,18.7,5.3,45.3,1.2,1.2,2.3
2019,Maryland,12,25.3,14.3,28.5,50.3,174.0,1.3,35.4,169.4,4.8,1.9,63.9,343.4,5.4,7.3,7.7,1.8,16.8,5.8,48.8,0.8,1.0,1.8
2019,Missouri,12,25.3,18.8,31.3,60.1,222.6,1.4,39.7,151.7,3.8,1.2,71.0,374.3,5.3,9.1,9.2,2.2,20.4,6.9,67.3,0.5,0.7,1.2
2019,Arizona State,13,24.8,17.9,29.5,60.8,248.8,1.6,35.3,123.2,3.5,1.0,64.8,372.1,5.7,9.6,6.8,1.5,17.9,6.5,62.9,0.8,0.3,1.1
2019,Tennessee,13,24.2,15.4,27.7,55.6,221.4,1.5,35.4,144.3,4.1,1.0,63.1,365.7,5.8,9.5,7.1,2.0,18.5,6.4,52.5,0.5,1.0,1.5
2019,UNLV,12,24.2,17.3,32.3,53.6,206.2,1.7,36.8,168.3,4.6,1.4,69.2,374.5,5.4,8.2,9.3,1.8,19.3,5.4,44.7,0.5,1.0,1.5
2019,Miami (OH),14,24.1,13.1,24.1,54.3,178.2,0.8,37.6,132.3,3.5,1.6,61.7,310.5,5.0,7.2,6.9,1.4,15.4,5.7,48.8,0.6,0.7,1.3
2019,Colorado,12,23.5,21.4,34.3,62.5,238.2,1.5,36.3,150.3,4.1,1.2,70.6,388.5,5.5,10.6,9.1,1.8,21.4,7.1,60.5,0.3,0.9,1.2
2019,Kansas,12,23.5,19.6,32.4,60.4,231.5,2.1,31.6,146.3,4.6,0.8,64.0,377.8,5.9,9.7,7.7,1.3,18.7,5.5,50.1,0.5,1.2,1.7
2019,UAB,14,23.1,13.7,24.1,56.8,201.1,1.4,39.6,151.0,3.8,1.1,63.8,352.1,5.5,8.4,7.1,1.4,18.0,7.2,70.9,0.6,1.4,2.0
2019,Northern Illinois,12,22.8,17.9,30.8,58.1,217.6,1.2,37.7,141.3,3.8,1.3,68.5,358.9,5.2,9.5,7.5,1.3,18.4,5.2,44.9,0.7,0.9,1.6
2019,Michigan State,13,22.4,20.8,35.7,58.2,244.8,1.3,35.6,128.2,3.6,0.9,71.3,372.9,5.2,11.4,7.6,2.1,21.1,5.8,53.8,0.7,1.2,1.8
2019,South Carolina,12,22.4,22.3,38.8,57.5,222.3,1.0,33.0,149.7,4.5,1.5,71.8,371.9,5.2,10.7,7.1,1.6,19.3,6.6,54.7,0.6,0.6,1.2
2019,New Mexico,12,22.3,13.6,27.5,49.4,195.0,1.1,41.7,205.3,4.9,1.7,69.2,400.3,5.8,8.6,9.5,2.3,20.3,6.8,60.8,0.9,1.3,2.2
2019,North Carolina State,12,22.1,20.3,38.6,52.7,229.1,1.2,34.7,151.4,4.4,1.2,73.3,380.5,5.2,10.3,9.3,2.2,21.7,5.9,52.3,0.9,0.8,1.8
2019,New Mexico State,12,21.7,23.2,37.2,62.3,217.6,1.3,32.2,143.5,4.5,1.3,69.3,361.1,5.2,9.8,7.8,1.4,18.9,5.7,50.3,1.0,1.3,2.3
2019,Stanford,12,21.7,23.0,37.0,62.2,262.4,1.5,28.8,105.7,3.7,0.7,65.8,368.1,5.6,10.9,6.8,2.0,19.7,6.3,48.8,0.4,0.7,1.1
2019,Arkansas,12,21.4,16.8,33.9,49.6,192.9,1.2,31.3,147.3,4.7,1.2,65.2,340.2,5.2,9.3,6.7,2.3,18.3,5.1,41.0,0.5,1.3,1.8
2019,Nevada,13,21.3,23.8,38.5,62.0,249.7,1.1,34.2,115.8,3.4,1.2,72.6,365.5,5.0,11.1,6.9,1.3,19.3,7.4,59.4,0.8,1.0,1.8
2019,California,13,21.2,15.7,28.1,55.9,197.0,1.5,36.5,132.0,3.6,1.2,64.5,329.0,5.1,8.0,8.1,2.7,18.8,4.7,41.8,0.3,0.7,1.0
2019,Pitt,13,21.2,24.3,39.5,61.6,261.7,1.3,33.7,119.2,3.5,0.8,73.2,380.9,5.2,11.7,6.9,2.1,20.7,7.8,68.3,0.9,0.8,1.7
2019,San Diego State,13,21.2,19.5,30.5,63.7,202.6,1.2,41.0,141.3,3.4,0.9,71.5,343.9,4.8,9.8,8.8,1.4,19.9,6.0,50.4,0.2,0.5,0.6
2019,South Florida,12,20.8,14.8,27.3,54.0,169.6,1.5,37.0,161.5,4.4,1.3,64.3,331.1,5.1,6.7,8.7,1.3,16.7,8.5,74.0,0.8,0.8,1.6
2019,West Virginia,12,20.6,24.1,37.8,63.7,248.7,1.8,27.8,73.4,2.6,0.6,65.6,322.1,4.9,10.8,5.2,1.8,17.7,5.9,48.9,0.4,1.3,1.7
2019,UTSA,12,20.3,17.8,30.5,58.2,182.4,1.1,37.4,163.8,4.4,1.3,67.9,346.3,5.1,8.3,8.5,1.3,18.0,7.4,69.1,1.0,0.9,1.9
2019,Massachusetts,12,19.8,18.2,32.7,55.6,168.5,1.3,35.8,124.6,3.5,1.2,68.5,293.1,4.3,7.8,6.3,1.7,15.8,6.9,63.7,0.3,1.3,1.7
2019,UTEP,12,19.6,14.8,27.5,53.6,191.0,0.8,36.2,143.4,4.0,1.5,63.7,334.4,5.3,8.7,7.8,1.3,17.8,6.7,61.5,0.5,0.7,1.2
2019,Connecticut,12,18.9,19.0,31.8,59.7,216.0,1.2,35.5,128.9,3.6,1.1,67.3,344.9,5.1,9.2,7.6,1.9,18.7,6.2,51.5,0.6,1.3,1.8
2019,South Alabama,12,18.4,12.4,23.5,52.8,158.8,1.2,42.5,171.4,4.0,1.3,66.0,330.3,5.0,6.9,8.8,2.3,18.0,5.8,45.0,0.9,0.9,1.8
2019,Texas State,12,18.4,23.2,36.8,63.0,241.1,1.4,27.3,76.7,2.8,0.7,64.0,317.8,5.0,9.8,5.3,1.8,16.9,5.5,51.4,0.3,1.7,2.0
2019,Rice,12,17.9,15.0,26.6,56.4,166.0,1.1,35.9,129.3,3.6,1.2,62.5,295.3,4.7,8.2,6.6,2.3,17.0,3.8,28.8,1.0,0.3,1.3
2019,Georgia Tech,12,16.7,10.3,22.4,46.1,133.9,1.2,37.3,152.6,4.1,1.0,59.7,286.5,4.8,5.3,8.3,1.6,15.1,4.8,41.1,0.8,0.8,1.7
2019,Vanderbilt,12,16.5,16.8,31.8,53.0,172.0,0.8,29.9,126.8,4.2,0.9,61.7,298.8,4.8,6.8,7.1,2.0,15.8,6.3,54.1,0.3,0.8,1.1
2019,Northwestern,12,16.3,13.0,26.0,50.0,117.0,0.5,44.1,180.2,4.1,1.4,70.1,297.2,4.2,6.3,9.2,2.2,17.7,5.4,48.5,0.8,1.3,2.0
2019,Old Dominion,12,16.3,17.3,31.6,54.6,176.4,0.4,35.8,98.6,2.8,1.3,67.3,275.0,4.1,8.7,6.3,1.9,16.9,5.9,60.3,0.6,1.0,1.6
2019,Bowling Green State,12,16.0,15.8,28.0,56.3,157.3,0.8,41.4,162.5,3.9,1.3,69.4,319.8,4.6,7.3,8.6,1.1,17.0,7.0,59.2,0.5,1.3,1.8
2019,Rutgers,12,13.3,12.8,23.2,55.4,139.3,0.6,37.8,134.3,3.6,0.9,61.0,273.7,4.5,5.7,6.5,1.2,13.3,6.3,59.1,0.7,1.3,1.9
2019,Akron,12,10.5,17.1,33.2,51.5,195.2,1.0,27.3,48.0,1.8,0.2,60.4,243.2,4.0,7.6,4.3,1.1,12.9,6.7,53.3,1.0,1.2,2.2
2020,Kent State,4,49.8,22.5,31.5,71.4,323.5,3.5,49.0,289.0,5.9,3.3,80.5,612.5,7.6,14.0,15.3,3.0,32.3,9.3,81.3,0.5,0.5,1.0
2020,Alabama,13,48.5,24.9,32.7,76.2,358.2,3.2,36.6,183.6,5.0,2.8,69.3,541.8,7.8,16.2,10.2,1.8,28.1,6.0,48.1,0.6,0.3,0.9
2020,Brigham Young,12,43.5,22.8,31.3,72.6,332.1,2.8,34.9,192.1,5.5,2.8,66.3,524.2,7.9,13.7,9.9,2.0,25.6,4.3,36.8,0.4,0.3,0.8
2020,Clemson,12,43.5,27.2,40.8,66.5,348.5,2.6,34.3,153.8,4.5,2.8,75.1,502.3,6.7,14.6,8.3,1.7,24.6,5.4,48.2,0.8,0.5,1.3
2020,Buffalo,7,43.4,14.0,22.4,62.4,191.0,1.0,43.1,287.1,6.7,4.6,65.6,478.1,7.3,7.4,12.4,2.3,22.1,6.0,50.6,0.3,0.6,0.9
2020,Oklahoma,11,43.0,22.6,32.9,68.8,315.0,2.7,38.1,179.7,4.7,2.5,71.0,494.7,7.0,14.2,8.7,2.0,24.9,7.2,65.7,0.5,0.7,1.3
2020,Texas,10,42.7,20.8,34.5,60.3,280.1,3.2,37.0,195.3,5.3,2.0,71.5,475.4,6.6,11.3,9.0,2.1,22.4,8.2,78.5,0.4,0.5,0.9
2020,UCF,10,42.2,24.9,41.5,60.0,357.4,3.2,44.4,210.7,4.7,2.3,85.9,568.1,6.6,14.4,12.3,1.6,28.3,9.2,74.8,0.6,0.4,1.0
2020,North Carolina,12,41.7,20.3,29.8,68.3,301.4,2.6,41.0,235.8,5.8,2.9,70.8,537.3,7.6,12.5,11.9,2.0,26.4,7.1,67.8,0.4,0.7,1.1
2020,Western Michigan,6,41.7,16.5,26.0,63.5,283.8,3.0,39.3,195.8,5.0,2.3,65.3,479.7,7.3,11.0,10.3,2.3,23.7,7.8,66.0,0.7,0.3,1.0
2020,Ohio State,8,41.0,19.8,28.1,70.2,262.5,2.8,43.1,256.9,6.0,2.4,71.3,519.4,7.3,11.4,11.0,2.5,24.9,6.1,54.4,0.4,0.8,1.1
2020,Arizona State,4,40.3,12.8,21.8,58.6,194.3,1.3,41.3,264.3,6.4,4.0,63.0,458.5,7.3,7.5,10.8,2.0,20.3,7.0,54.5,1.0,0.3,1.3
2020,Florida,12,39.8,26.8,39.4,67.9,378.6,3.8,30.6,131.3,4.3,1.0,70.0,509.8,7.3,16.8,7.3,2.3,26.3,5.3,45.2,0.8,0.8,1.6
2020,Ole Miss,10,39.2,23.8,33.5,71.0,344.9,3.0,46.2,211.0,4.6,2.3,79.7,555.9,7.0,13.7,12.2,1.7,27.6,6.0,51.6,0.4,1.4,1.8
2020,SMU,10,38.6,24.6,37.6,65.4,318.0,2.3,37.7,176.5,4.7,2.4,75.3,494.5,6.6,12.7,9.5,2.9,25.1,6.8,59.0,0.6,0.6,1.2
2020,Liberty,11,38.2,17.5,27.9,62.9,229.5,2.3,44.0,252.4,5.7,2.5,71.9,481.8,6.7,9.5,13.5,1.8,24.7,6.0,56.7,0.8,0.6,1.5
2020,Cincinnati,10,37.5,19.7,29.5,66.8,238.6,2.0,38.1,212.4,5.6,2.9,67.6,451.0,6.7,11.2,9.7,1.0,21.9,8.8,76.8,1.0,0.6,1.6
2020,Coastal Carolina,12,37.2,15.9,23.9,66.6,231.5,2.4,43.2,218.3,5.1,2.5,67.1,449.8,6.7,10.1,11.9,1.3,23.3,3.7,35.7,0.6,0.4,1.0
2020,Wake Forest,9,36.0,19.4,34.4,56.5,281.4,1.6,42.2,163.1,3.9,2.4,76.7,444.6,5.8,12.1,9.1,2.1,23.3,5.3,44.6,0.2,0.6,0.8
2020,UCLA,7,35.4,18.6,28.6,65.0,224.4,2.6,45.4,231.3,5.1,1.9,74.0,455.7,6.2,9.7,12.9,2.0,24.6,6.9,53.4,1.0,0.9,1.9
2020,Toledo,6,35.0,23.8,36.5,65.3,325.8,3.0,40.5,168.2,4.2,1.3,77.0,494.0,6.4,14.0,10.2,2.7,26.8,9.7,75.2,0.8,1.2,2.0
2020,Tulane,12,34.7,13.8,26.1,52.7,176.7,1.8,42.8,217.3,5.1,2.7,68.8,394.0,5.7,8.6,11.3,1.5,21.4,6.2,50.6,0.3,0.8,1.2
2020,North Texas,10,34.4,18.5,33.6,55.1,283.0,2.8,44.3,230.2,5.2,1.8,77.9,513.2,6.6,11.7,11.7,1.4,24.8,6.8,53.6,0.6,0.9,1.5
2020,Ball State,8,34.3,20.5,31.4,65.3,270.5,2.1,45.8,178.0,3.9,1.9,77.1,448.5,5.8,12.3,10.1,2.0,24.4,5.8,48.9,0.4,0.8,1.1
2020,Ohio,3,34.3,12.0,18.0,66.7,146.0,1.3,39.0,216.7,5.6,2.7,57.0,362.7,6.4,5.0,10.0,2.3,17.3,6.7,48.0,0.7,0.0,0.7
2020,Miami (FL),11,34.0,21.7,34.6,62.7,277.3,2.4,38.1,163.0,4.3,1.6,72.7,440.3,6.1,11.5,9.0,2.5,22.9,7.8,70.5,0.5,0.5,1.1
2020,Boise State,7,33.9,19.9,31.7,62.6,241.9,1.7,32.6,110.7,3.4,1.9,64.3,352.6,5.5,10.3,7.1,0.9,18.3,4.9,49.3,0.6,0.4,1.0
2020,Appalachian State,12,33.8,15.8,25.0,63.3,187.1,1.8,45.3,265.6,5.9,2.3,70.3,452.7,6.4,8.0,13.3,2.2,23.4,7.3,67.8,0.5,0.9,1.4
2020,Louisiana,11,33.6,16.4,28.2,58.1,208.5,1.8,38.7,213.3,5.5,2.3,66.9,421.8,6.3,8.6,10.9,1.5,21.0,6.2,61.5,0.5,0.6,1.2
2020,Notre Dame,12,33.4,19.3,30.2,63.8,237.4,1.3,42.1,211.1,5.0,2.8,72.3,448.5,6.2,10.8,10.8,2.5,24.2,4.4,38.0,0.7,0.3,0.9
2020,Georgia State,10,33.3,17.9,30.7,58.3,230.3,1.8,44.3,194.0,4.4,2.2,75.0,424.3,5.7,10.0,9.1,1.6,20.7,5.5,58.7,1.0,1.0,2.0
2020,USC,6,33.3,29.7,44.2,67.2,319.3,2.8,30.7,97.3,3.2,1.3,74.8,416.7,5.6,14.7,6.2,1.7,22.5,6.7,71.0,0.7,1.2,1.8
2020,Eastern Michigan,6,33.2,21.0,33.2,63.3,277.0,2.0,36.5,129.3,3.5,1.8,69.7,406.3,5.8,12.5,7.3,2.0,21.8,4.8,43.8,1.0,1.0,2.0
2020,Arkansas State,11,32.9,25.0,42.1,59.4,364.4,3.5,35.1,125.4,3.6,0.6,77.2,489.7,6.3,15.5,6.6,2.4,24.5,6.4,57.4,0.6,0.8,1.5
2020,Iowa State,12,32.9,20.8,31.1,66.8,241.3,1.7,37.9,195.0,5.1,2.6,69.0,436.3,6.3,11.3,10.1,1.6,22.9,5.1,42.6,0.4,0.8,1.2
2020,Fresno State,6,32.8,26.3,41.3,63.7,356.3,2.3,36.0,123.0,3.4,2.0,77.3,479.3,6.2,15.2,7.7,1.5,24.3,5.5,47.8,0.8,0.8,1.7
2020,Texas A&M,10,32.6,19.0,30.2,62.9,234.1,2.0,37.5,205.2,5.5,2.1,67.7,439.3,6.5,10.6,11.3,1.6,23.4,6.2,57.9,0.4,0.4,0.8
2020,Georgia,10,32.3,17.8,30.6,58.2,249.9,1.9,37.7,174.2,4.6,1.8,68.3,424.1,6.2,10.0,9.8,1.1,20.9,5.5,52.8,0.4,1.1,1.5
2020,LSU,10,32.0,24.7,42.1,58.7,312.2,2.4,36.5,121.7,3.3,0.9,78.6,433.9,5.5,14.5,7.7,1.2,23.4,6.1,46.2,0.4,0.9,1.3
2020,Iowa,8,31.8,17.6,31.0,56.9,197.6,1.1,37.0,171.0,4.6,2.3,68.0,368.6,5.4,10.3,8.5,1.1,19.9,4.8,39.6,0.5,0.6,1.1
2020,Central Michigan,6,31.3,17.7,28.7,61.6,202.3,1.2,43.3,218.2,5.0,2.7,72.0,420.5,5.8,8.2,10.8,0.5,19.5,6.2,59.5,0.8,0.7,1.5
2020,Oregon,7,31.3,17.3,27.3,63.4,246.1,2.1,33.9,166.7,4.9,1.9,61.1,412.9,6.8,10.9,9.1,1.6,21.6,5.9,50.9,1.4,0.9,2.3
2020,Virginia Tech,11,31.1,14.4,23.2,62.0,200.6,1.2,43.0,240.1,5.6,2.5,66.2,440.7,6.7,8.5,12.2,1.7,22.4,5.3,47.0,0.7,0.5,1.3
2020,Memphis,11,31.0,23.2,38.5,60.3,307.9,2.8,35.6,145.9,4.1,0.8,74.1,453.8,6.1,12.3,8.6,2.7,23.6,5.5,47.3,0.8,0.9,1.7
2020,Nevada,9,30.8,27.9,39.9,69.9,319.1,3.0,28.4,122.3,4.3,0.8,68.3,441.4,6.5,12.8,6.9,1.9,21.6,8.0,69.4,0.6,0.4,1.0
2020,TCU,10,30.8,16.4,27.3,60.1,196.3,1.1,41.1,216.1,5.3,2.3,68.4,412.4,6.0,7.5,10.2,1.9,19.6,7.7,63.3,0.9,0.5,1.4
2020,Virginia,10,30.7,22.1,37.9,58.3,260.6,2.2,36.6,162.7,4.4,1.6,74.5,423.3,5.7,11.6,9.5,2.5,23.6,5.2,45.8,0.5,1.4,1.9
2020,North Carolina State,12,30.3,21.0,33.4,62.8,262.8,2.0,35.9,123.3,3.4,1.7,69.3,386.2,5.6,12.2,7.5,2.6,22.3,8.0,74.3,0.3,1.3,1.6
2020,Washington,4,30.3,17.0,27.8,61.3,226.5,1.0,39.0,176.3,4.5,2.8,66.8,402.8,6.0,10.0,10.3,1.5,21.8,5.3,40.5,0.0,0.8,0.8
2020,East Carolina,9,30.2,19.6,32.6,60.1,229.6,2.1,40.2,173.8,4.3,1.2,72.8,403.3,5.5,10.1,8.9,3.0,22.0,6.3,58.2,1.3,1.0,2.3
2020,Oklahoma State,11,30.2,18.8,31.0,60.7,239.5,1.6,46.0,188.0,4.1,1.5,77.0,427.5,5.6,10.5,10.4,2.7,23.6,6.6,53.9,0.5,0.9,1.5
2020,Utah,5,30.2,19.0,31.2,60.9,215.8,1.2,38.2,194.0,5.1,1.8,69.4,409.8,5.9,9.8,9.6,1.0,20.4,5.2,47.6,1.2,1.4,2.6
2020,Houston,8,30.0,21.9,37.1,58.9,265.8,1.9,36.6,143.1,3.9,1.5,73.8,408.9,5.5,12.9,8.6,1.4,22.9,7.6,68.3,0.8,1.3,2.0
2020,Penn State,9,29.8,20.6,34.1,60.3,256.0,1.9,44.7,174.3,3.9,1.7,78.8,430.3,5.5,12.1,11.0,1.7,24.8,4.3,37.2,0.9,1.0,1.9
2020,Louisville,11,29.5,18.4,28.5,64.3,244.2,1.8,38.2,200.0,5.2,1.9,66.7,444.2,6.7,10.3,10.3,2.0,20.8,6.2,52.0,1.1,1.1,2.2
2020,Stanford,6,29.3,24.2,37.0,65.3,287.3,1.2,32.8,133.2,4.1,2.5,69.8,420.5,6.0,13.7,6.3,1.8,21.8,5.7,51.7,0.3,0.5,0.8
2020,Texas Tech,10,29.1,25.9,39.8,65.1,266.7,1.8,33.6,163.4,4.9,1.7,73.4,430.1,5.9,11.8,8.2,1.4,21.4,6.7,57.7,0.8,1.1,1.9
2020,Pitt,11,29.0,22.3,38.6,57.6,259.7,1.3,35.3,120.1,3.4,1.8,73.9,379.8,5.1,11.3,6.6,2.7,20.6,8.0,70.4,0.4,1.1,1.5
2020,Indiana,8,28.9,21.0,36.5,57.5,250.9,2.0,34.0,111.8,3.3,1.5,70.5,362.6,5.1,10.8,7.0,2.5,20.3,4.3,44.8,0.9,0.6,1.5
2020,Oregon State,7,28.9,19.1,33.3,57.5,211.3,1.6,36.9,197.6,5.4,2.1,70.1,408.9,5.8,10.7,10.0,1.4,22.1,6.0,50.6,0.4,0.7,1.1
2020,Miami (OH),3,28.7,15.7,28.3,55.3,238.3,2.7,33.3,127.0,3.8,0.7,61.7,365.3,5.9,10.7,6.0,2.0,18.7,6.0,60.7,0.3,0.3,0.7
2020,San Jose State,8,28.6,22.9,36.0,63.5,298.4,2.4,28.6,134.1,4.7,1.0,64.6,432.5,6.7,12.3,5.8,2.5,20.5,6.6,56.9,0.0,1.1,1.1
2020,Colorado,6,28.5,16.3,29.7,55.1,201.5,1.0,46.0,212.3,4.6,2.5,75.7,413.8,5.5,8.8,9.2,2.0,20.0,5.7,56.3,0.7,1.2,1.8
2020,Marshall,10,28.5,17.1,28.1,60.9,212.9,1.9,38.7,178.4,4.6,1.8,66.8,391.3,5.9,9.6,10.4,2.1,22.1,6.0,62.7,0.2,1.0,1.2
2020,UAB,9,28.4,15.1,27.1,55.7,201.3,1.6,40.7,200.0,4.9,1.9,67.8,401.3,5.9,9.0,8.8,1.6,19.3,9.1,84.4,0.8,1.0,1.8
2020,Michigan,6,28.3,20.5,35.5,57.7,250.3,1.5,28.7,131.0,4.6,2.0,64.2,381.3,5.9,11.8,6.0,1.5,19.3,5.8,57.5,0.3,0.7,1.0
2020,UTSA,12,28.3,18.5,30.8,60.0,199.9,1.3,41.3,215.4,5.2,2.0,72.2,415.3,5.8,9.6,10.1,2.2,21.8,6.9,64.3,0.3,0.7,1.0
2020,Boston College,11,27.8,22.0,35.5,62.1,284.2,2.1,32.8,101.7,3.1,1.0,68.3,385.9,5.7,12.1,7.5,2.2,21.8,7.5,65.9,0.5,0.7,1.3
2020,Texas State,12,27.7,20.7,33.8,61.1,238.4,2.2,31.0,131.3,4.2,1.3,64.8,369.7,5.7,10.3,7.4,2.8,20.5,5.2,49.8,0.3,1.2,1.5
2020,Troy,11,27.4,27.2,41.5,65.6,290.2,2.0,29.6,103.0,3.5,1.0,71.1,393.2,5.5,14.3,6.1,1.5,21.8,5.0,46.3,0.5,1.2,1.6
2020,Minnesota,7,27.3,15.3,26.3,58.2,199.1,1.0,42.6,191.9,4.5,2.7,68.9,391.0,5.7,9.4,10.1,2.0,21.6,4.6,41.9,0.3,0.7,1.0
2020,Georgia Southern,13,27.2,7.5,13.5,55.1,104.2,0.7,48.9,267.2,5.5,2.2,62.5,371.5,5.9,3.8,12.5,1.0,17.2,4.1,33.8,0.5,0.8,1.3
2020,Purdue,6,27.2,29.3,43.5,67.4,309.0,2.5,24.5,82.2,3.4,0.7,68.0,391.2,5.8,14.5,6.0,2.3,22.8,7.0,59.8,0.5,0.7,1.2
2020,Tulsa,9,27.1,19.2,34.0,56.5,252.8,1.7,39.6,161.3,4.1,1.4,73.6,414.1,5.6,11.4,9.3,1.3,22.1,9.0,82.4,0.8,1.2,2.0
2020,Charlotte,6,27.0,16.3,29.8,54.7,222.8,1.7,39.5,154.8,3.9,1.8,69.3,377.7,5.4,9.8,8.5,1.5,19.8,7.0,61.7,0.7,0.3,1.0
2020,Washington State,4,27.0,23.5,38.0,61.8,254.8,1.5,27.5,129.3,4.7,2.0,65.5,384.0,5.9,11.8,6.0,1.8,19.5,5.3,46.8,1.0,1.0,2.0
2020,Army,12,26.8,2.9,6.3,46.1,44.8,0.3,59.7,272.8,4.6,3.0,66.0,317.5,4.8,1.8,15.9,1.7,19.4,4.6,39.0,0.7,0.5,1.2
2020,Louisiana Tech,10,26.7,22.1,35.9,61.6,216.6,2.1,34.4,99.2,2.9,1.0,70.3,315.8,4.5,10.3,7.4,2.2,19.9,5.0,45.6,0.2,1.4,1.6
2020,Missouri,10,26.7,24.6,36.3,67.8,266.8,0.9,35.1,135.2,3.9,2.1,71.4,402.0,5.6,13.0,7.5,1.8,22.3,5.8,49.8,0.8,0.6,1.4
2020,Rutgers,9,26.7,22.0,35.1,62.7,198.8,1.6,37.6,142.4,3.8,1.4,72.7,341.2,4.7,9.2,7.8,2.0,19.0,7.4,60.6,0.6,1.0,1.6
2020,Kansas State,10,26.6,13.7,24.7,55.5,185.7,1.2,35.3,151.9,4.3,1.7,60.0,337.6,5.6,6.7,7.2,1.6,15.5,6.4,54.9,0.5,1.0,1.5
2020,New Mexico State,2,26.5,21.0,34.0,61.8,209.5,1.0,39.0,212.5,5.4,1.5,73.0,422.0,5.8,9.0,16.5,1.5,27.0,9.5,81.0,0.0,1.5,1.5
2020,West Virginia,10,26.5,25.3,40.1,63.1,277.5,1.6,35.8,135.1,3.8,1.5,75.9,412.6,5.4,12.5,7.4,2.0,21.9,8.2,74.1,0.7,0.4,1.1
2020,Wyoming,6,26.5,10.3,22.3,46.3,153.3,0.2,45.8,219.5,4.8,2.7,68.2,372.8,5.5,6.0,11.3,1.2,18.5,5.0,43.2,0.7,0.8,1.5
2020,Hawaii,9,26.2,21.7,35.0,61.9,231.4,1.6,36.0,152.6,4.2,1.7,71.0,384.0,5.4,10.2,8.2,1.9,20.3,5.3,42.9,0.7,0.7,1.3
2020,Florida State,9,25.8,17.7,32.4,54.5,196.8,1.1,38.8,202.0,5.2,2.1,71.2,398.8,5.6,8.6,11.8,2.2,20.6,8.9,77.8,0.4,1.4,1.9
2020,Arkansas,10,25.7,18.3,28.4,64.4,240.2,2.0,39.4,151.3,3.8,1.1,67.8,391.5,5.8,10.0,8.8,1.9,20.7,6.4,45.7,0.7,0.6,1.3
2020,Southern Mississippi,10,25.3,17.1,27.4,62.4,213.0,1.2,36.9,159.0,4.3,1.8,64.3,372.0,5.8,9.3,8.3,1.2,18.8,4.4,36.7,0.7,0.9,1.6
2020,Auburn,11,25.1,19.6,32.9,59.7,220.3,1.1,35.6,162.5,4.6,1.5,68.5,382.8,5.6,9.5,10.0,1.2,20.6,5.8,49.8,0.2,0.6,0.8
2020,Wisconsin,7,25.1,17.7,28.9,61.4,181.0,1.4,41.9,164.6,3.9,1.9,70.7,345.6,4.9,8.0,10.0,1.6,19.6,5.1,42.3,0.7,1.0,1.7
2020,Duke,11,24.8,20.0,35.5,56.3,222.6,1.0,39.8,157.1,3.9,1.7,75.4,379.7,5.0,10.8,8.5,2.4,21.6,5.6,50.4,1.8,1.7,3.5
2020,Northern Illinois,6,24.8,21.2,36.8,57.5,240.5,1.8,36.8,127.0,3.4,1.2,73.7,367.5,5.0,11.0,7.3,2.8,21.2,6.8,67.8,1.3,0.3,1.7
2020,Northwestern,9,24.7,19.3,31.6,61.3,197.9,1.3,43.7,163.0,3.7,1.8,75.2,360.9,4.8,10.8,7.9,1.7,20.3,5.0,40.4,0.8,0.9,1.7
2020,San Diego State,8,24.6,14.4,25.4,56.7,151.4,0.8,44.0,201.6,4.6,1.8,69.4,353.0,5.1,7.8,10.4,0.9,19.0,4.8,42.4,0.8,0.6,1.4
2020,Air Force,6,24.3,5.7,10.2,55.7,83.7,0.5,52.0,305.7,5.9,2.7,62.2,389.3,6.3,3.8,16.3,1.2,21.3,4.5,40.8,0.8,0.5,1.3
2020,Georgia Tech,10,23.9,15.2,28.3,53.7,199.1,1.4,40.8,190.8,4.7,1.8,69.1,389.9,5.6,8.5,9.9,1.5,19.9,8.9,74.9,1.2,1.3,2.5
2020,New Mexico,7,23.9,17.4,30.7,56.7,198.0,1.1,41.3,195.7,4.7,1.7,72.0,393.7,5.5,9.1,10.1,2.4,21.7,6.0,57.7,0.4,0.9,1.3
2020,Maryland,5,23.6,19.6,31.8,61.6,264.0,1.8,30.2,145.0,4.8,1.0,62.0,409.0,6.6,10.6,7.2,0.6,18.4,8.8,79.6,0.4,1.8,2.2
2020,South Carolina,10,23.5,17.5,29.5,59.3,187.2,0.8,36.9,167.9,4.6,2.1,66.4,355.1,5.3,9.4,8.4,1.7,19.5,5.0,43.7,0.6,0.9,1.5
2020,Rice,5,23.4,16.4,26.6,61.7,210.8,2.2,43.2,120.8,2.8,0.2,69.8,331.6,4.8,10.4,9.0,2.2,21.6,3.4,23.8,1.2,0.4,1.6
2020,Baylor,9,23.3,22.8,36.8,61.9,219.9,1.6,33.1,90.3,2.7,0.9,69.9,310.2,4.4,9.6,6.7,2.1,18.3,7.2,62.4,0.1,0.9,1.0
2020,Nebraska,8,23.1,19.5,28.6,68.1,190.1,0.6,41.8,201.4,4.8,1.9,70.4,391.5,5.6,8.5,11.4,1.5,21.4,6.8,60.6,1.1,1.1,2.3
2020,South Florida,9,23.1,20.8,34.8,59.7,216.6,1.3,37.4,148.8,4.0,1.2,72.2,365.3,5.1,10.8,8.4,1.7,20.9,5.3,50.2,1.2,0.7,1.9
2020,UTEP,8,23.0,15.8,29.9,52.7,209.3,0.9,37.5,138.9,3.7,2.0,67.4,348.1,5.2,8.9,7.6,2.1,18.6,7.1,63.1,0.8,1.1,1.9
2020,Middle Tennessee State,9,22.9,22.8,34.4,66.1,230.4,1.4,36.1,135.4,3.8,1.3,70.6,365.9,5.2,9.4,8.7,2.1,20.2,5.7,52.2,0.7,1.1,1.8
2020,Florida International,5,22.4,11.6,26.0,44.6,123.4,1.0,35.2,160.4,4.6,1.6,61.2,283.8,4.6,6.0,6.8,1.0,13.8,6.4,48.0,0.4,0.4,0.8
2020,Colorado State,4,22.3,14.8,29.0,50.9,199.5,1.0,39.0,124.0,3.2,1.5,68.0,323.5,4.8,8.8,7.3,1.3,17.3,6.0,47.5,0.3,0.8,1.0
2020,Kentucky,11,21.8,13.2,22.1,59.7,121.5,0.6,39.4,196.8,5.0,1.7,61.5,318.3,5.2,5.8,10.0,1.5,17.4,5.7,55.9,0.6,0.5,1.1
2020,Tennessee,10,21.5,17.9,28.5,62.8,204.7,1.4,37.5,141.5,3.8,1.2,66.0,346.2,5.2,9.4,8.9,1.9,20.2,6.1,50.2,0.6,0.9,1.5
2020,Mississippi State,11,21.4,33.9,50.6,67.0,296.3,1.5,18.5,43.9,2.4,0.7,69.2,340.2,4.9,13.6,3.7,1.5,18.8,6.5,60.1,0.7,1.6,2.4
2020,California,4,20.3,21.3,34.5,61.6,192.8,1.5,37.0,125.3,3.4,1.0,71.5,318.0,4.4,9.3,6.0,3.0,18.3,4.3,33.8,0.5,0.8,1.3
2020,Illinois,8,20.1,11.4,24.3,46.9,152.9,1.3,40.8,196.1,4.8,1.1,65.0,349.0,5.4,6.6,9.6,1.6,17.9,4.9,50.8,0.6,0.5,1.1
2020,South Alabama,11,19.9,19.9,31.9,62.4,247.2,1.6,38.0,112.0,2.9,0.6,69.9,359.2,5.1,10.0,7.6,2.2,19.8,3.8,34.9,0.8,0.5,1.4
2020,Temple,7,19.9,20.9,34.3,60.8,209.4,1.6,40.6,143.1,3.5,0.7,74.9,352.6,4.7,11.4,7.7,1.7,20.9,5.4,45.9,0.4,1.6,2.0
2020,Western Kentucky,12,19.0,17.3,30.8,56.4,165.3,1.0,32.2,125.7,3.9,0.9,62.9,291.0,4.6,7.4,8.0,0.8,16.3,4.5,40.1,0.9,0.3,1.3
2020,Florida Atlantic,9,18.9,13.6,25.8,52.6,144.4,0.9,40.3,180.1,4.5,1.3,66.1,324.6,4.9,7.2,9.3,1.3,17.9,4.7,38.9,0.6,0.7,1.2
2020,Michigan State,7,18.0,18.9,34.6,54.5,238.9,1.6,34.0,91.7,2.7,0.3,68.6,330.6,4.8,10.3,4.1,1.7,16.1,6.9,63.0,1.1,1.7,2.9
2020,Syracuse,11,17.8,15.7,30.5,51.5,173.3,1.4,29.1,92.0,3.2,0.5,59.6,265.3,4.4,7.3,4.8,1.1,13.2,7.1,67.3,0.8,1.1,1.9
2020,Arizona,5,17.4,22.8,37.8,60.3,213.0,1.2,36.8,156.4,4.3,0.8,74.6,369.4,5.0,8.8,10.0,2.4,21.2,6.8,58.8,1.0,1.4,2.4
2020,UNLV,6,17.3,19.2,32.7,58.7,185.8,1.0,37.3,144.7,3.9,1.2,70.0,330.5,4.7,8.8,9.0,1.0,18.8,6.5,54.0,0.8,0.7,1.5
2020,Akron,6,17.2,13.8,24.7,56.1,139.7,0.7,35.3,141.5,4.0,1.2,60.0,281.2,4.7,6.7,7.0,2.2,15.8,4.0,31.7,0.5,1.0,1.5
2020,Navy,10,16.6,5.7,12.4,46.0,97.4,0.6,48.2,177.7,3.7,1.5,60.6,275.1,4.5,3.6,10.0,0.7,14.3,4.4,40.2,0.7,0.4,1.1
2020,Louisiana-Monroe,10,16.3,22.3,38.3,58.2,229.0,1.4,24.8,76.7,3.1,0.8,63.1,305.7,4.8,10.7,4.4,1.4,16.5,4.8,43.7,0.7,1.2,1.9
2020,Kansas,9,15.8,17.2,31.4,54.8,154.3,0.8,39.3,104.9,2.7,1.0,70.8,259.2,3.7,7.4,6.6,1.9,15.9,5.7,46.4,0.4,1.1,1.6
2020,Utah State,6,15.5,14.8,28.3,52.4,135.8,1.0,32.0,140.0,4.4,0.7,60.3,275.8,4.6,5.7,6.3,1.7,13.7,5.3,47.3,0.8,0.8,1.7
2020,Vanderbilt,9,14.8,21.3,33.4,63.8,219.9,1.4,36.6,110.1,3.0,0.4,70.0,330.0,4.7,10.7,7.6,2.0,20.2,4.7,38.1,0.7,1.2,1.9
2020,Bowling Green State,5,11.4,10.8,25.0,43.2,142.4,0.2,37.8,184.0,4.9,1.0,62.8,326.4,5.2,5.6,8.6,1.4,15.6,6.0,43.2,0.8,1.4,2.2
2020,Massachusetts,4,3.0,13.5,25.0,54.0,121.5,0.3,29.3,67.3,2.3,0.0,54.3,188.8,3.5,5.8,3.5,1.3,10.5,5.3,54.0,0.5,1.3,1.8
2021,Ohio State,13,45.7,26.8,38.0,70.6,380.9,3.5,32.3,180.8,5.6,1.8,70.3,561.7,8.0,16.5,9.0,1.2,26.8,6.5,59.2,0.2,0.6,0.8
2021,Western Kentucky,14,44.2,34.3,49.8,68.9,433.7,4.5,24.8,102.8,4.1,0.9,74.6,536.5,7.2,18.9,6.7,2.0,27.6,6.8,54.1,0.6,0.9,1.5
2021,Pitt,14,41.4,26.2,38.8,67.6,337.4,3.1,37.3,152.0,4.1,1.9,76.1,489.4,6.4,14.9,9.1,1.9,25.9,6.7,63.9,0.5,0.6,1.1
2021,Wake Forest,14,41.0,21.6,37.1,58.2,307.4,2.8,40.4,160.6,4.0,2.2,77.4,467.9,6.0,13.8,8.3,3.2,25.3,5.8,52.7,0.4,1.1,1.4
2021,Coastal Carolina,13,40.9,17.5,24.8,70.5,265.9,2.5,38.8,229.9,5.9,2.8,63.5,495.8,7.8,11.2,11.8,0.8,23.8,5.4,50.8,0.5,0.3,0.8
2021,Alabama,15,39.9,25.3,38.1,66.5,338.2,3.2,36.5,150.1,4.1,1.4,74.5,488.3,6.6,14.3,8.7,1.5,24.4,7.1,65.9,0.5,0.5,0.9
2021,Tennessee,13,39.3,18.7,28.9,64.6,257.1,2.5,44.3,218.2,4.9,2.3,73.2,475.3,6.5,9.6,12.5,2.2,24.3,6.8,60.6,0.8,0.2,1.0
2021,Oklahoma,13,39.1,21.5,31.0,69.2,263.5,2.5,34.2,188.0,5.5,2.2,65.2,451.5,6.9,12.2,8.5,1.7,22.5,6.7,56.1,0.3,0.7,1.0
2021,Georgia,15,38.6,17.6,27.1,64.9,251.9,2.6,36.1,191.2,5.3,1.9,63.2,443.1,7.0,10.9,10.0,1.8,22.7,5.1,43.2,0.3,0.8,1.1
2021,SMU,12,38.4,26.1,38.8,67.2,304.5,3.3,35.1,162.3,4.6,1.7,73.9,466.8,6.3,13.8,9.7,1.4,24.8,5.6,52.3,0.5,1.0,1.5
2021,Cincinnati,14,36.9,18.4,28.6,64.3,241.2,2.1,32.9,172.9,5.3,2.4,61.4,414.1,6.7,10.1,8.7,1.0,19.8,7.3,54.2,0.7,0.6,1.4
2021,UTSA,14,36.9,20.6,31.8,64.9,255.5,2.2,39.2,185.4,4.7,1.9,71.0,440.9,6.2,11.0,9.6,2.2,22.9,5.1,50.9,0.5,0.4,0.9
2021,UCLA,12,36.5,17.3,27.8,62.0,226.2,1.9,42.2,220.1,5.2,2.6,70.0,446.3,6.4,9.8,12.2,1.6,23.5,7.2,68.3,0.4,0.7,1.1
2021,Utah,14,36.1,18.1,28.6,63.3,214.3,1.7,38.7,217.1,5.6,2.6,67.4,431.4,6.4,10.5,11.1,2.6,24.2,4.8,44.5,0.5,0.6,1.1
2021,Houston,14,35.9,21.9,32.7,67.0,271.4,2.3,36.5,143.4,3.9,1.9,69.2,414.9,6.0,13.1,7.1,1.6,21.8,6.4,61.1,0.1,0.9,1.0
2021,Michigan,14,35.8,17.7,28.2,62.8,228.7,1.5,41.1,214.4,5.2,2.8,69.3,443.1,6.4,8.6,11.7,1.5,21.9,4.9,41.5,0.4,0.6,1.0
2021,Nevada,13,35.7,30.3,43.8,69.1,346.2,2.9,25.8,77.5,3.0,1.0,69.7,423.6,6.1,15.0,5.2,2.1,22.3,6.5,55.1,0.2,0.7,0.8
2021,Texas,12,35.3,18.1,28.8,62.7,225.4,2.4,37.8,199.4,5.3,2.1,66.7,424.8,6.4,9.5,9.8,1.1,20.3,5.8,48.3,0.6,0.8,1.4
2021,North Carolina,13,35.2,18.2,29.2,62.4,255.7,2.0,39.5,212.7,5.4,2.3,68.7,468.4,6.8,10.1,11.6,2.2,23.9,7.3,69.2,0.4,0.7,1.1
2021,Notre Dame,13,35.2,22.2,34.7,64.1,282.5,2.3,34.5,144.2,4.2,1.8,69.2,426.7,6.2,12.9,7.1,2.5,22.5,5.7,49.0,0.5,0.8,1.2
2021,Virginia,12,34.6,29.2,46.1,63.3,392.6,2.6,28.2,123.3,4.4,1.8,74.3,515.9,6.9,17.8,6.9,1.9,26.6,6.4,56.8,0.5,1.0,1.5
2021,Appalachian State,14,34.5,18.2,29.5,61.7,249.1,2.1,40.2,192.6,4.8,1.9,69.7,441.6,6.3,10.8,10.3,1.6,22.7,6.1,53.2,1.0,0.9,1.9
2021,Miami (FL),12,34.1,24.6,38.7,63.6,321.2,2.5,34.3,128.8,3.8,1.7,72.9,449.9,6.2,13.1,7.9,3.5,24.5,7.3,63.6,0.6,0.8,1.4
2021,Ole Miss,13,33.7,22.0,33.0,66.7,274.8,1.6,45.2,218.0,4.8,2.5,78.2,492.8,6.3,12.0,12.5,1.6,26.1,9.1,75.6,0.3,0.5,0.8
2021,Liberty,13,33.6,17.4,29.3,59.3,255.0,2.5,39.0,181.3,4.6,1.9,68.3,436.3,6.4,10.2,10.3,2.1,22.6,7.1,66.5,0.5,1.2,1.7
2021,Fresno State,13,33.4,26.3,39.5,66.7,326.7,2.7,33.5,137.4,4.1,1.3,73.0,464.1,6.4,14.2,7.9,2.2,24.3,7.6,71.2,0.9,0.8,1.7
2021,Toledo,13,33.4,17.4,30.0,57.9,239.1,1.7,36.3,196.5,5.4,2.2,66.3,435.5,6.6,8.8,10.1,1.9,20.8,10.0,90.2,0.3,0.2,0.5
2021,Brigham Young,13,33.1,19.5,30.0,65.1,264.1,2.0,36.9,188.1,5.1,2.3,66.9,452.2,6.8,10.9,10.8,1.4,23.2,5.1,41.5,0.5,0.4,0.9
2021,North Carolina State,12,33.1,24.0,36.9,65.0,288.4,2.9,30.9,126.6,4.1,0.9,67.8,415.0,6.1,12.9,6.6,1.9,21.4,7.4,64.5,0.3,0.5,0.8
2021,Kent State,14,33.0,18.6,28.9,64.4,246.0,1.5,46.2,248.6,5.4,2.6,75.1,494.6,6.6,9.6,14.1,2.2,25.9,7.8,70.9,0.4,0.4,0.9
2021,Marshall,13,33.0,24.9,37.7,66.1,294.6,1.4,34.5,162.3,4.7,2.9,72.2,456.9,6.3,12.2,10.0,1.2,23.4,6.5,56.9,0.8,1.2,1.9
2021,Army,13,32.8,4.6,8.5,54.5,94.8,0.8,58.3,280.6,4.8,3.5,66.8,375.5,5.6,3.2,15.7,1.2,20.0,3.8,36.8,0.4,0.2,0.6
2021,Utah State,14,32.6,21.6,35.9,60.2,303.0,2.9,40.1,145.6,3.6,0.9,76.0,448.6,5.9,12.9,8.1,2.9,23.9,6.1,54.5,0.5,1.1,1.6
2021,Western Michigan,13,32.5,17.9,28.3,63.3,253.6,1.8,45.4,213.5,4.7,2.4,73.7,467.2,6.3,10.9,11.7,2.2,24.8,6.8,58.9,0.8,0.5,1.2
2021,Central Michigan,13,32.3,21.0,34.5,60.9,265.4,2.4,39.7,180.0,4.5,1.4,74.2,445.4,6.0,11.6,10.2,1.3,23.1,6.1,53.9,0.3,0.8,1.1
2021,Kentucky,13,32.3,18.6,28.2,66.1,225.6,1.8,37.8,199.8,5.3,2.1,65.9,425.4,6.5,10.5,10.8,1.5,22.8,4.8,42.2,0.8,1.0,1.8
2021,Northern Illinois,14,32.2,14.6,25.4,57.7,187.4,1.1,46.1,241.9,5.2,2.6,71.5,429.2,6.0,8.2,12.9,1.9,22.9,5.0,45.3,0.7,0.6,1.3
2021,UCF,13,31.9,19.4,30.0,64.6,206.2,2.2,36.4,196.8,5.4,2.1,66.4,402.9,6.1,9.4,9.2,1.4,19.9,6.2,52.8,0.4,0.7,1.1
2021,Michigan State,13,31.8,18.7,30.8,60.8,253.1,2.1,36.7,176.5,4.8,1.8,67.5,429.6,6.4,10.5,8.5,1.8,20.8,6.9,63.9,0.5,0.8,1.3
2021,Baylor,14,31.6,16.9,26.1,64.9,203.1,1.7,40.1,220.4,5.5,2.1,66.2,423.5,6.4,8.6,11.1,1.0,20.7,5.4,48.4,0.6,0.5,1.1
2021,Louisville,13,31.6,17.0,27.9,60.9,236.5,1.6,38.8,210.2,5.4,2.2,66.7,446.7,6.7,10.3,9.2,1.5,21.1,6.2,55.3,0.5,0.5,1.0
2021,Oregon,14,31.4,18.5,29.3,63.2,221.3,1.5,38.2,202.4,5.3,2.5,67.5,423.6,6.3,9.6,11.6,1.6,22.9,7.4,64.6,0.4,0.6,1.0
2021,Iowa State,13,31.3,24.1,34.3,70.2,263.8,1.7,31.5,160.8,5.1,1.9,65.8,424.7,6.5,12.6,7.2,1.7,21.5,4.8,38.6,0.4,0.7,1.1
2021,Oregon State,13,31.2,16.8,26.7,62.8,216.9,1.5,40.1,214.3,5.3,2.5,66.8,431.2,6.5,9.0,12.7,1.5,23.2,6.8,63.1,0.5,0.9,1.4
2021,Louisiana,14,31.1,17.6,28.9,60.7,218.6,1.6,40.1,194.2,4.8,2.4,69.1,412.8,6.0,9.5,10.7,1.2,21.4,5.3,49.0,0.2,0.3,0.5
2021,Oklahoma State,14,31.1,19.6,32.0,61.2,231.9,1.6,44.2,185.9,4.2,1.9,76.2,417.7,5.5,11.2,10.1,2.5,23.8,6.0,55.8,0.6,0.9,1.5
2021,Air Force,13,31.0,4.2,8.7,48.7,95.5,0.6,64.0,328.4,5.1,3.4,72.7,423.9,5.8,3.6,17.3,0.9,21.8,4.2,38.8,0.4,0.3,0.7
2021,Arkansas,13,30.9,15.8,24.2,65.3,213.9,1.7,44.7,229.4,5.1,2.0,68.8,443.3,6.4,8.0,12.5,1.4,21.8,8.0,63.5,0.4,0.4,0.8
2021,Florida,13,30.7,20.4,32.0,63.7,254.2,2.0,37.8,209.9,5.5,1.9,69.8,464.1,6.6,11.4,9.6,1.2,22.2,8.1,71.0,0.2,1.4,1.6
2021,Texas Tech,13,30.3,18.9,29.9,63.2,257.2,1.4,33.5,159.2,4.8,2.3,63.4,416.5,6.6,10.0,8.2,1.4,19.6,5.2,44.6,0.7,0.8,1.5
2021,Eastern Michigan,13,30.2,23.8,35.0,67.9,262.8,1.5,34.8,118.8,3.4,2.0,69.8,381.6,5.5,13.0,7.1,2.2,22.3,3.8,34.2,0.4,0.7,1.1
2021,Memphis,12,30.1,22.3,37.1,60.2,298.8,2.2,34.2,139.6,4.1,1.5,71.3,438.3,6.2,12.5,7.4,2.6,22.5,4.8,39.6,0.7,0.9,1.6
2021,Middle Tennessee State,13,29.8,22.8,35.6,63.9,238.5,2.2,35.0,123.7,3.5,1.2,70.6,362.2,5.1,10.5,7.8,1.5,19.8,6.6,56.5,0.6,1.0,1.6
2021,East Carolina,12,29.7,21.8,35.3,61.7,270.8,1.8,39.6,162.4,4.1,1.7,74.8,433.2,5.8,11.8,8.5,1.7,21.9,5.3,49.3,0.9,0.9,1.8
2021,UAB,13,29.5,14.0,21.9,63.9,206.3,1.5,39.0,180.3,4.6,2.1,60.9,386.6,6.3,7.7,9.1,1.2,17.9,8.8,85.4,0.5,0.8,1.3
2021,Buffalo,12,29.3,18.2,30.6,59.4,214.9,1.0,44.8,195.7,4.4,2.5,75.3,410.6,5.5,9.8,11.6,2.3,23.8,5.4,51.9,0.6,0.9,1.5
2021,Maryland,13,29.3,26.1,37.6,69.3,304.6,2.1,33.2,137.3,4.1,1.5,70.8,441.9,6.2,12.6,9.4,1.3,23.3,6.8,57.2,0.5,0.9,1.4
2021,Texas A&M,12,29.3,17.3,30.8,56.4,208.6,1.6,34.3,183.8,5.4,1.4,65.1,392.4,6.0,9.9,9.8,1.3,21.0,6.4,55.1,0.3,1.1,1.3
2021,Boise State,12,29.2,21.2,34.1,62.1,260.6,1.7,37.8,124.3,3.3,1.3,71.9,384.8,5.4,11.4,8.8,1.8,22.0,4.9,49.7,0.4,0.8,1.3
2021,Mississippi State,13,29.1,39.8,54.2,73.6,378.3,2.8,20.8,63.2,3.0,0.8,74.9,441.5,5.9,18.2,5.4,2.2,25.7,7.5,57.2,0.7,0.7,1.4
2021,Missouri,13,29.1,23.2,34.9,66.3,233.5,1.4,35.6,180.3,5.1,1.6,70.5,413.8,5.9,10.7,9.1,1.9,21.7,6.4,59.2,0.2,0.8,1.0
2021,Purdue,13,29.1,31.3,44.3,70.7,355.4,2.7,29.7,84.8,2.9,0.5,74.0,440.2,5.9,17.1,5.1,1.9,24.0,4.5,42.8,0.5,0.9,1.5
2021,Miami (OH),13,28.9,19.0,32.7,58.1,278.5,2.5,34.0,148.9,4.4,1.2,66.7,427.5,6.4,11.9,7.8,1.8,21.5,6.7,60.4,0.3,0.6,0.9
2021,Hawaii,13,28.8,20.0,35.5,56.3,262.2,1.5,33.1,143.9,4.4,1.7,68.6,406.1,5.9,11.1,7.4,1.8,20.2,5.2,45.1,1.0,1.2,2.2
2021,TCU,12,28.7,16.7,25.8,64.5,239.6,1.6,39.1,197.0,5.0,1.8,64.9,436.6,6.7,9.9,9.6,1.6,21.1,7.1,61.4,0.8,0.5,1.3
2021,USC,12,28.7,26.5,41.7,63.6,298.3,1.8,33.3,145.9,4.4,1.3,74.9,444.3,5.9,13.8,9.4,2.5,25.8,8.0,75.0,0.6,1.1,1.7
2021,Arizona State,13,28.4,15.8,24.1,65.8,194.7,0.9,37.3,194.9,5.2,2.6,61.4,389.6,6.3,8.2,10.8,1.1,20.0,8.7,78.1,0.9,0.8,1.7
2021,Auburn,13,28.3,20.5,34.8,58.9,240.1,1.3,33.8,162.4,4.8,1.7,68.7,402.5,5.9,10.9,8.5,1.5,20.9,5.7,46.4,0.6,0.3,0.9
2021,Georgia State,13,28.2,13.8,23.9,57.9,161.6,1.5,44.8,226.9,5.1,1.9,68.8,388.5,5.6,7.7,12.8,1.2,21.6,5.4,50.5,0.5,0.6,1.2
2021,Louisiana Tech,12,28.0,20.7,34.3,60.3,262.6,1.8,34.5,121.9,3.5,1.3,68.8,384.5,5.6,11.9,6.6,2.6,20.9,6.8,52.1,0.6,1.3,1.9
2021,Nebraska,12,27.9,17.9,28.5,62.9,266.4,1.2,40.8,181.2,4.4,2.6,69.3,447.6,6.5,11.2,9.1,1.4,21.7,5.3,45.0,0.6,0.9,1.5
2021,Washington State,13,27.8,21.6,34.8,62.2,257.3,2.0,30.8,121.8,4.0,1.5,65.6,379.2,5.8,11.1,7.5,1.5,20.2,5.3,46.2,0.4,1.0,1.4
2021,Florida State,12,27.6,17.4,28.3,61.5,201.6,1.7,37.2,177.8,4.8,1.8,65.5,379.4,5.8,9.2,9.1,2.5,20.7,6.9,62.5,0.8,1.0,1.8
2021,Old Dominion,13,27.6,18.8,32.3,58.3,214.8,1.2,37.9,158.2,4.2,1.7,70.2,372.9,5.3,8.9,9.8,1.7,20.5,6.8,60.2,0.7,1.1,1.8
2021,Tulane,12,27.6,17.8,31.3,56.6,221.8,1.9,37.1,165.1,4.5,1.6,68.4,386.8,5.7,9.2,8.8,1.5,19.5,6.0,51.1,1.0,1.1,2.1
2021,Kansas State,13,27.5,15.7,23.9,65.6,199.2,1.1,33.5,162.5,4.9,2.2,57.4,361.7,6.3,8.3,8.6,1.1,18.0,5.4,45.5,0.5,0.5,1.1
2021,North Texas,13,27.5,15.7,30.3,51.8,197.1,0.9,48.8,235.4,4.8,2.5,79.2,432.5,5.5,8.3,12.9,1.8,23.1,7.2,68.5,0.3,1.1,1.4
2021,San Diego State,14,27.4,14.9,25.7,58.1,167.9,1.1,40.6,175.1,4.3,1.9,66.3,343.0,5.2,7.9,8.6,2.1,18.7,7.4,67.9,0.6,0.4,1.0
2021,Charlotte,12,27.2,20.6,32.8,62.7,253.7,2.3,35.6,150.7,4.2,1.1,68.4,404.3,5.9,11.6,8.2,2.4,22.2,6.5,53.4,0.8,0.8,1.7
2021,LSU,13,26.5,20.2,34.1,59.1,254.5,2.5,34.2,114.5,3.4,0.7,68.2,368.9,5.4,10.8,7.0,1.6,19.4,4.3,34.3,0.4,0.8,1.2
2021,Tulsa,13,26.4,18.8,31.6,59.4,251.5,1.4,42.1,192.1,4.6,1.5,73.7,443.5,6.0,10.6,9.7,2.3,22.6,7.5,71.5,0.5,1.2,1.8
2021,Clemson,13,26.3,17.5,31.8,55.2,191.2,0.9,37.2,169.6,4.6,2.0,69.0,360.8,5.2,9.0,8.8,2.0,19.8,6.1,50.5,0.6,0.8,1.5
2021,Minnesota,13,25.5,11.7,19.8,59.1,162.0,0.9,45.8,199.3,4.3,2.1,65.6,361.3,5.5,7.2,11.2,1.5,20.0,4.5,45.3,0.3,0.7,1.0
2021,Florida Atlantic,12,25.4,19.2,32.3,59.4,248.5,1.7,37.3,152.6,4.1,1.5,69.5,401.1,5.8,9.8,8.4,1.9,20.2,7.1,59.8,0.8,0.7,1.5
2021,Wisconsin,13,25.4,13.6,23.1,59.0,160.2,0.8,43.3,211.1,4.9,2.0,66.4,371.2,5.6,8.0,10.5,1.5,20.1,5.4,43.6,0.8,1.0,1.8
2021,Wyoming,13,25.4,12.5,22.8,54.5,162.7,1.2,41.6,211.2,5.1,1.8,64.5,373.9,5.8,7.4,10.2,1.0,18.5,5.1,44.9,0.5,0.9,1.4
2021,Arkansas State,12,25.3,25.8,43.7,59.2,313.9,2.3,28.9,83.3,2.9,0.3,72.6,397.2,5.5,13.6,5.1,2.9,21.6,5.6,50.2,0.4,1.4,1.8
2021,West Virginia,13,25.2,22.3,34.3,65.0,247.9,1.5,34.7,123.2,3.5,1.5,69.0,371.1,5.4,11.4,8.3,1.7,21.4,5.2,43.2,0.6,0.9,1.5
2021,UTEP,13,25.1,15.4,28.1,54.8,252.2,1.5,36.3,141.7,3.9,1.4,64.4,393.8,6.1,9.5,6.5,2.2,18.2,8.5,74.4,0.8,1.1,1.8
2021,Penn State,13,25.0,22.4,37.4,59.9,268.5,1.9,33.6,107.8,3.2,0.8,71.0,376.4,5.3,12.2,7.0,1.2,20.3,5.4,46.6,0.4,0.8,1.2
2021,South Alabama,12,24.9,22.8,33.9,67.1,256.0,1.8,36.4,111.7,3.1,1.3,70.3,367.7,5.2,10.9,6.5,1.6,19.0,4.8,43.8,0.8,0.9,1.7
2021,Syracuse,12,24.9,13.0,23.9,54.4,153.0,0.8,40.8,214.3,5.3,2.3,64.7,367.3,5.7,6.8,11.1,1.8,19.6,7.0,57.7,0.5,0.5,1.0
2021,Boston College,12,24.7,14.1,25.3,55.6,184.8,1.1,39.2,166.9,4.3,1.8,64.5,351.7,5.5,7.3,10.1,1.9,19.3,5.3,49.3,0.5,0.9,1.4
2021,Ball State,13,24.1,20.5,33.8,60.7,207.6,1.4,34.1,130.0,3.8,1.3,67.9,337.6,5.0,9.9,7.4,1.8,19.1,4.9,40.8,0.4,0.5,0.9
2021,Georgia Tech,12,24.0,17.1,28.5,59.9,197.9,1.5,36.9,169.3,4.6,1.3,65.4,367.2,5.6,8.7,8.5,1.8,18.8,6.1,51.2,0.4,0.8,1.3
2021,California,12,23.8,19.6,31.8,61.7,221.6,1.3,33.3,164.4,4.9,1.4,65.1,386.0,5.9,9.3,8.4,1.3,19.0,6.3,58.7,0.2,0.7,0.8
2021,Colorado State,12,23.7,19.8,33.0,59.8,251.7,1.3,42.8,164.3,3.8,1.2,75.8,415.9,5.5,12.5,7.8,1.0,21.3,7.1,68.5,0.7,0.9,1.6
2021,Virginia Tech,13,23.7,13.3,24.3,54.7,176.4,1.3,40.9,185.3,4.5,1.2,65.2,361.7,5.5,7.7,9.5,1.5,18.8,5.4,45.9,0.5,0.4,0.9
2021,Iowa,14,23.4,15.9,28.9,55.0,180.1,0.9,36.1,123.8,3.4,1.3,65.0,303.9,4.7,8.8,6.1,1.7,16.6,4.1,36.1,0.6,0.8,1.4
2021,South Florida,12,23.2,15.9,29.5,54.0,192.4,0.5,40.5,161.1,4.0,2.1,70.0,353.5,5.1,8.9,10.0,1.4,20.3,5.1,46.1,0.8,1.0,1.8
2021,Texas State,12,23.1,18.6,32.3,57.6,193.1,1.3,36.8,149.2,4.0,1.4,69.1,342.3,5.0,9.1,8.8,2.3,20.3,5.8,57.5,0.7,1.0,1.7
2021,Duke,12,22.8,22.1,34.2,64.6,237.9,0.8,43.4,181.2,4.2,1.8,77.6,419.1,5.4,10.9,9.3,1.7,21.8,6.5,61.7,1.0,0.8,1.8
2021,Troy,12,22.8,22.1,34.9,63.2,238.7,1.3,30.0,101.3,3.4,1.5,64.9,339.9,5.2,10.5,5.9,1.8,18.3,5.1,44.9,0.9,0.8,1.8
2021,New Mexico State,12,22.6,24.7,43.3,57.0,269.7,1.3,30.9,100.4,3.2,1.3,74.2,370.1,5.0,12.5,6.9,2.5,21.9,6.8,58.9,0.5,0.8,1.3
2021,Ohio,12,22.6,16.7,26.0,64.1,184.1,0.9,35.9,187.7,5.2,1.7,61.9,371.8,6.0,8.1,9.8,2.3,20.2,6.2,58.6,0.7,0.7,1.3
2021,South Carolina,13,22.6,16.2,27.7,58.6,201.2,1.7,35.8,137.2,3.8,0.7,63.5,338.3,5.3,8.1,8.0,1.7,17.8,5.8,45.9,1.0,0.8,1.8
2021,Rice,12,21.5,17.1,28.6,59.8,211.7,1.3,39.4,150.4,3.8,1.6,68.0,362.1,5.3,10.4,6.6,2.5,19.5,7.4,63.6,0.5,1.3,1.8
2021,Washington,12,21.5,20.3,34.1,59.4,225.0,1.3,30.7,100.6,3.3,1.3,64.8,325.6,5.0,9.6,6.6,1.8,17.9,4.3,39.9,0.6,1.3,1.9
2021,Bowling Green State,12,21.4,19.8,33.9,58.5,214.8,1.0,30.5,103.5,3.4,1.3,64.4,318.3,4.9,8.7,5.8,1.3,15.6,8.0,71.5,0.7,0.8,1.4
2021,Louisiana-Monroe,12,20.9,16.7,29.5,56.5,194.0,1.3,41.6,134.5,3.2,1.1,71.1,328.5,4.6,8.6,7.5,2.5,18.6,3.8,32.6,0.5,0.8,1.3
2021,Kansas,12,20.8,16.3,26.4,61.5,184.8,1.3,36.1,141.4,3.9,1.3,62.5,326.3,5.2,8.3,7.1,0.9,16.3,4.1,33.7,0.3,0.8,1.1
2021,UNLV,12,20.8,16.1,27.6,58.3,202.5,0.9,32.9,109.8,3.3,1.5,60.5,312.3,5.2,8.3,5.8,1.3,15.5,4.5,37.9,0.7,1.2,1.8
2021,Stanford,12,20.4,19.9,31.0,64.2,215.2,1.3,27.1,87.3,3.2,1.1,58.1,302.4,5.2,9.8,4.8,2.3,16.8,6.2,43.3,0.6,1.0,1.6
2021,Florida International,12,20.3,16.8,31.6,53.3,265.2,1.7,30.7,103.3,3.4,0.9,62.3,368.5,5.9,9.8,5.3,1.3,16.3,5.9,52.2,0.8,0.9,1.8
2021,Georgia Southern,12,20.3,11.8,22.9,51.3,147.1,0.4,44.3,194.9,4.4,1.8,67.2,342.0,5.1,6.8,9.8,1.5,18.1,5.7,44.3,0.4,1.0,1.4
2021,Illinois,12,20.2,13.8,26.8,51.2,156.2,1.1,38.8,173.8,4.5,1.0,65.7,330.0,5.0,7.3,8.5,1.8,17.6,5.0,52.8,0.5,0.5,1.0
2021,Navy,12,20.1,4.0,8.1,49.5,56.8,0.5,57.3,225.9,3.9,1.6,65.3,282.7,4.3,2.3,13.3,1.3,16.8,4.4,36.2,0.4,0.3,0.7
2021,San Jose State,12,20.0,17.3,33.5,51.5,219.7,1.3,29.1,121.0,4.2,1.0,62.6,340.7,5.4,9.3,6.4,1.1,16.9,7.3,65.2,1.2,0.8,2.0
2021,Akron,12,19.8,18.8,29.3,64.2,217.5,1.8,35.8,124.2,3.5,0.7,65.1,341.7,5.2,10.3,7.3,1.2,18.8,5.7,46.1,1.0,0.4,1.4
2021,Rutgers,13,19.7,17.8,30.3,58.6,172.2,0.7,38.4,138.6,3.6,1.5,68.7,310.8,4.5,6.9,9.3,1.2,17.5,5.0,40.7,0.3,0.8,1.1
2021,Colorado,12,18.8,12.8,22.4,57.2,131.3,0.8,36.5,126.2,3.5,1.0,58.9,257.4,4.4,5.2,7.6,1.7,14.4,6.3,56.4,0.3,0.3,0.6
2021,Southern Mississippi,12,17.7,13.3,23.9,55.7,145.5,1.2,38.4,121.1,3.2,0.7,62.3,266.6,4.3,6.2,7.9,1.9,16.0,8.1,62.5,1.2,1.4,2.6
2021,Indiana,12,17.3,16.6,32.5,51.0,175.5,0.8,35.3,116.3,3.3,1.1,67.8,291.8,4.3,8.1,7.3,1.9,17.3,4.7,41.3,0.6,1.3,1.8
2021,Arizona,12,17.2,22.3,36.9,60.5,226.3,1.0,35.2,131.0,3.7,0.5,72.1,357.3,5.0,9.9,8.1,2.7,20.7,8.8,70.4,0.4,1.5,1.9
2021,Northwestern,12,16.6,17.3,30.4,57.0,177.3,1.1,37.6,145.1,3.9,1.0,68.0,322.4,4.7,7.1,9.2,1.1,17.3,4.7,41.9,0.7,1.2,1.8
2021,Massachusetts,12,16.3,13.6,27.7,49.1,153.1,0.9,34.6,148.0,4.3,1.2,62.3,301.1,4.8,6.9,7.4,2.0,16.3,6.3,61.2,0.8,0.9,1.7
2021,Temple,12,16.3,17.8,30.3,58.8,177.9,0.8,29.9,109.0,3.6,1.0,60.3,286.9,4.8,7.3,6.2,1.3,14.8,5.8,44.0,0.9,0.8,1.7
2021,Vanderbilt,12,15.8,18.8,34.1,55.3,189.3,1.1,35.3,123.5,3.5,0.7,69.3,312.8,4.5,8.7,7.0,1.9,17.6,5.5,44.0,0.4,1.2,1.6
2021,Connecticut,12,15.6,17.3,33.9,51.1,163.8,0.9,31.3,101.3,3.2,0.7,65.3,265.2,4.1,6.6,5.9,2.1,14.6,6.8,49.2,0.4,1.4,1.8
2021,New Mexico,12,12.2,11.9,21.7,55.0,114.1,0.8,38.4,121.2,3.2,0.4,60.1,235.3,3.9,4.9,7.3,1.7,13.8,6.9,57.1,1.0,0.7,1.7
2022,Tennessee,13,46.1,22.3,32.5,68.7,326.1,2.9,40.2,199.5,5.0,3.1,72.7,525.5,7.2,11.9,10.3,3.2,25.4,8.1,69.6,0.6,0.2,0.8
2022,Ohio State,13,44.2,21.1,31.5,66.8,298.3,3.2,35.8,192.4,5.4,2.3,67.4,490.7,7.3,13.2,8.7,2.0,23.8,5.6,48.0,0.3,0.5,0.8
2022,USC,14,41.4,24.6,36.8,67.0,335.4,3.1,33.8,171.1,5.1,2.1,70.6,506.6,7.2,13.9,9.9,1.9,25.6,6.3,58.0,0.1,0.4,0.5
2022,Alabama,13,41.1,21.5,33.7,63.9,281.5,2.8,35.2,195.5,5.6,2.0,68.9,477.1,6.9,12.6,9.3,1.9,23.8,7.9,68.7,0.6,0.6,1.2
2022,Georgia,15,41.1,22.4,32.9,68.2,295.9,2.1,37.1,205.3,5.5,2.9,70.0,501.2,7.2,13.8,9.9,1.3,25.1,4.4,44.9,0.7,0.5,1.2
2022,Michigan,14,40.4,17.0,26.4,64.3,219.9,1.7,42.9,238.9,5.6,2.9,69.3,458.8,6.6,9.3,12.6,1.4,23.3,4.1,32.0,0.3,0.4,0.7
2022,Washington,13,39.7,28.7,44.2,64.9,369.8,2.5,30.8,146.0,4.7,2.5,75.0,515.8,6.9,17.1,8.7,1.5,27.2,6.8,60.5,0.2,0.7,0.8
2022,UCLA,13,39.2,22.5,32.3,69.5,266.4,2.2,39.5,237.2,6.0,2.8,71.8,503.6,7.0,12.2,12.2,1.4,25.7,6.5,52.5,0.7,0.9,1.6
2022,Oregon,13,38.8,23.7,33.2,71.3,284.8,2.3,39.1,215.8,5.5,2.6,72.3,500.5,6.9,12.2,12.7,1.6,26.5,6.8,57.2,0.2,0.7,0.9
2022,TCU,15,38.8,19.5,30.3,64.3,261.7,2.2,37.7,193.3,5.1,2.5,68.0,455.0,6.7,10.3,9.4,1.5,21.1,4.8,49.6,0.5,0.5,1.1
2022,Utah,14,38.6,20.6,31.9,64.6,249.2,2.2,40.0,217.6,5.4,2.7,71.9,466.9,6.5,11.1,12.5,2.4,26.1,4.5,40.2,0.6,0.7,1.3
2022,SMU,13,37.2,25.6,39.5,64.9,316.7,2.8,37.8,156.2,4.1,2.0,77.3,472.8,6.1,13.4,9.4,2.7,25.5,4.3,42.3,0.7,0.8,1.5
2022,James Madison,11,37.0,18.3,29.8,61.3,265.7,2.5,43.5,186.7,4.3,2.2,73.4,452.5,6.2,11.1,10.6,0.9,22.6,5.1,39.9,0.9,0.9,1.8
2022,UTSA,14,36.8,24.4,35.9,67.8,300.7,2.4,38.8,175.3,4.5,2.0,74.7,476.0,6.4,14.8,9.7,1.4,25.9,7.0,61.5,0.8,0.6,1.4
2022,Western Kentucky,14,36.4,28.6,44.5,64.4,352.2,3.1,29.6,145.1,4.9,1.1,74.1,497.3,6.7,14.9,8.1,1.7,24.6,6.2,57.5,0.7,0.9,1.6
2022,Florida State,13,36.1,19.2,30.4,63.0,270.2,2.2,39.2,214.1,5.5,2.5,69.5,484.2,7.0,11.0,11.2,2.0,24.2,6.7,59.1,0.5,0.5,1.1
2022,Houston,13,36.1,25.9,38.5,67.4,314.0,3.1,30.9,141.8,4.6,1.3,69.4,455.8,6.6,14.9,7.2,1.4,23.5,7.9,70.4,0.7,0.8,1.5
2022,Wake Forest,13,36.1,23.2,36.4,63.8,311.9,3.3,38.8,130.5,3.4,1.3,75.2,442.4,5.9,14.8,8.2,2.4,25.4,4.8,40.2,0.5,1.0,1.5
2022,Tulane,14,36.0,17.2,27.1,63.6,236.6,2.1,39.8,204.8,5.1,2.4,66.9,441.4,6.6,9.8,10.4,1.4,21.6,4.0,34.3,0.8,0.4,1.1
2022,Penn State,13,35.8,20.8,32.5,64.0,252.5,2.2,37.6,181.1,4.8,2.2,70.1,433.6,6.2,11.8,7.9,1.7,21.4,5.3,48.3,0.6,0.5,1.2
2022,Kansas,13,35.6,18.6,28.5,65.2,254.4,2.5,34.3,184.2,5.4,2.2,62.8,438.6,7.0,11.3,7.8,1.4,20.5,5.3,46.5,0.8,0.6,1.5
2022,Memphis,13,35.3,22.3,34.9,63.9,279.2,1.8,37.9,142.2,3.8,2.3,72.8,421.4,5.8,12.0,8.9,1.7,22.6,4.1,36.8,0.6,0.6,1.2
2022,Appalachian State,12,34.9,18.8,29.9,63.0,250.9,2.3,39.5,204.4,5.2,2.3,69.4,455.3,6.6,10.5,10.4,2.1,23.0,5.6,51.6,0.4,0.5,0.9
2022,LSU,14,34.5,23.0,34.3,67.1,269.3,1.6,36.9,183.9,5.0,2.8,71.2,453.1,6.4,12.6,9.9,2.2,24.8,6.1,54.3,0.9,0.5,1.4
2022,Texas,13,34.5,19.1,31.2,61.2,241.4,1.7,36.2,188.2,5.2,2.2,67.3,429.5,6.4,11.3,9.5,2.1,22.9,6.1,47.3,0.4,0.5,0.9
2022,North Carolina,14,34.4,24.6,37.6,65.4,309.3,2.7,36.3,153.5,4.2,1.7,73.9,462.8,6.3,13.9,8.9,1.9,24.7,6.1,55.3,0.5,0.5,1.0
2022,Texas Tech,13,34.2,26.8,43.8,61.2,302.5,2.0,40.4,158.9,3.9,2.2,84.2,461.4,5.5,13.9,10.5,2.2,26.5,5.7,44.3,0.5,1.4,1.9
2022,North Texas,14,33.8,17.2,30.9,55.8,261.9,2.4,38.3,199.9,5.2,1.7,69.1,461.8,6.7,11.0,9.4,1.6,21.9,5.3,42.4,0.4,1.1,1.6
2022,Ole Miss,13,33.5,18.4,29.8,61.8,239.8,1.7,47.2,256.6,5.4,2.5,77.0,496.4,6.4,9.8,13.5,1.9,25.2,6.8,63.5,0.7,0.9,1.6
2022,Clemson,14,33.2,21.3,34.3,62.1,232.4,1.7,39.0,177.9,4.6,2.2,73.3,410.3,5.6,10.4,10.2,2.4,22.9,5.4,48.2,0.9,0.7,1.6
2022,UCF,14,32.9,20.8,32.2,64.5,241.2,1.6,43.9,228.4,5.2,2.5,76.1,469.6,6.2,11.2,11.8,1.4,24.4,4.9,46.4,0.9,0.6,1.5
2022,Duke,13,32.8,19.6,30.8,63.8,231.5,1.5,37.2,184.2,4.9,2.4,68.0,415.7,6.1,9.8,9.8,2.1,21.8,5.2,50.5,0.3,0.5,0.8
2022,Oklahoma,13,32.8,19.3,31.3,61.7,254.6,2.1,44.7,219.4,4.9,2.2,76.0,474.0,6.2,10.6,11.9,1.3,23.8,5.7,50.2,0.5,0.6,1.2
2022,Georgia Southern,13,32.7,28.7,47.0,61.0,329.5,2.2,28.5,136.8,4.8,1.8,75.5,466.3,6.2,14.8,7.7,2.7,25.2,5.2,46.5,0.4,1.2,1.6
2022,Arkansas,13,32.5,17.8,27.5,64.7,234.7,2.0,46.5,236.7,5.1,2.1,74.0,471.4,6.4,9.7,12.8,1.4,23.9,6.4,55.5,0.8,0.5,1.4
2022,East Carolina,13,32.5,24.8,37.2,66.7,290.5,2.2,32.5,170.6,5.3,1.9,69.7,461.1,6.6,12.5,8.0,2.1,22.6,4.3,37.5,0.2,0.4,0.5
2022,Kansas State,14,32.3,17.3,27.8,62.2,210.5,1.5,40.6,208.3,5.1,2.3,68.4,418.8,6.1,9.4,9.5,1.1,20.1,5.3,42.9,0.4,0.4,0.9
2022,Baylor,13,32.2,19.0,30.2,63.0,231.5,1.5,41.2,182.4,4.4,2.6,71.3,413.8,5.8,10.6,10.3,1.8,22.8,4.8,41.1,0.5,0.8,1.3
2022,Oregon State,13,32.2,15.5,24.8,62.4,199.5,1.2,40.3,196.5,4.9,2.8,65.1,396.0,6.1,9.5,11.3,1.6,22.4,6.0,54.7,0.4,1.0,1.4
2022,South Carolina,13,32.2,21.6,32.4,66.7,260.0,1.8,31.6,118.8,3.8,2.1,64.0,378.8,5.9,9.7,7.3,2.0,19.0,6.9,63.8,1.0,1.1,2.1
2022,Notre Dame,13,31.8,16.2,26.0,62.4,207.1,1.9,40.9,189.1,4.6,1.9,66.9,396.2,5.9,9.5,10.7,1.5,21.6,4.6,42.3,0.5,0.8,1.4
2022,Ohio,14,31.8,21.6,33.1,65.1,278.1,2.0,35.2,143.1,4.1,1.6,68.4,421.2,6.2,12.0,7.9,1.1,20.9,4.9,44.1,0.6,0.4,0.9
2022,Mississippi State,13,31.6,32.9,48.8,67.5,311.2,2.8,22.7,81.7,3.6,0.9,71.5,392.9,5.5,15.2,5.4,2.2,22.8,6.3,60.8,0.8,0.7,1.5
2022,Brigham Young,13,31.3,19.8,30.2,65.6,249.7,2.5,33.7,176.6,5.2,1.5,63.8,426.3,6.7,10.7,9.4,1.8,21.9,5.8,54.0,0.2,0.5,0.8
2022,Pitt,13,31.3,17.2,30.1,57.0,222.8,1.0,40.1,183.0,4.6,2.3,70.2,405.8,5.8,9.2,11.2,1.1,21.5,7.4,63.7,0.7,0.8,1.5
2022,Toledo,14,31.3,17.6,31.4,56.3,225.2,2.2,41.5,177.4,4.3,1.6,72.9,402.6,5.5,10.4,9.4,2.3,22.0,6.7,55.0,0.8,1.1,1.9
2022,South Alabama,13,31.2,22.4,34.5,65.0,266.9,2.2,38.8,156.8,4.0,1.5,73.3,423.7,5.8,12.9,8.3,1.3,22.5,7.8,70.8,0.3,0.9,1.2
2022,Arizona,12,30.8,23.6,38.3,61.7,318.4,2.2,29.3,143.5,4.9,1.6,67.6,461.9,6.8,14.2,8.2,1.8,24.2,5.4,50.0,0.7,1.1,1.8
2022,Fresno State,14,30.6,24.0,33.8,71.0,270.6,1.6,33.3,132.2,4.0,2.0,67.1,402.8,6.0,12.5,7.9,1.7,22.1,4.5,40.1,0.4,0.6,1.0
2022,Oklahoma State,13,30.6,22.5,40.3,55.7,279.5,1.8,36.6,125.5,3.4,1.5,76.9,405.1,5.3,12.5,7.7,2.1,22.2,3.5,33.5,0.5,1.4,1.8
2022,Tulsa,12,30.6,20.1,34.5,58.2,273.2,2.3,35.8,138.7,3.9,1.5,70.3,411.8,5.9,11.3,7.6,2.5,21.4,6.2,57.1,0.7,0.8,1.5
2022,West Virginia,12,30.6,21.2,35.4,59.8,227.5,1.7,37.1,171.5,4.6,2.0,72.5,399.0,5.5,10.9,9.3,3.1,23.3,6.4,53.0,0.6,1.0,1.6
2022,UAB,13,30.1,14.9,24.7,60.4,202.6,1.2,40.6,235.0,5.8,2.5,65.3,437.6,6.7,8.4,11.0,2.1,21.5,7.0,60.5,0.8,0.5,1.4
2022,Georgia State,12,30.0,14.5,24.8,58.4,203.6,1.5,48.1,213.4,4.4,2.2,72.9,417.0,5.7,8.8,11.5,1.9,22.2,7.1,64.9,1.1,0.6,1.7
2022,Eastern Michigan,13,29.8,18.8,30.2,62.2,223.9,1.8,38.7,140.8,3.6,1.9,68.8,364.7,5.3,9.8,9.2,2.3,21.3,7.9,73.5,0.5,0.9,1.5
2022,Florida Atlantic,12,29.8,18.1,31.6,57.3,227.2,2.1,40.9,184.3,4.5,1.6,72.5,411.5,5.7,10.7,9.0,2.5,22.2,6.2,58.0,0.7,0.4,1.1
2022,Boise State,14,29.5,16.4,27.5,59.5,190.6,1.4,39.4,196.5,5.0,1.9,66.9,387.1,5.8,8.6,10.0,0.9,19.5,5.6,47.4,0.6,0.6,1.2
2022,Florida,13,29.5,15.3,28.2,54.4,223.8,1.4,36.3,200.2,5.5,2.2,64.5,424.1,6.6,9.9,8.7,1.4,20.0,6.8,50.1,0.4,0.7,1.1
2022,Cincinnati,13,29.2,19.1,31.9,59.8,242.7,1.7,32.8,129.7,4.0,1.5,64.7,372.4,5.8,11.2,6.5,0.8,18.5,7.5,64.4,0.6,0.6,1.2
2022,Coastal Carolina,13,29.1,18.2,27.8,65.7,246.2,2.1,39.5,159.3,4.0,1.7,67.2,405.5,6.0,10.8,8.7,2.4,21.8,6.2,56.9,1.1,0.5,1.5
2022,Louisiana Tech,12,29.0,21.2,36.2,58.5,267.3,2.1,33.3,124.8,3.8,1.2,69.4,392.0,5.6,10.1,7.0,2.4,19.5,6.8,64.3,0.5,1.6,2.1
2022,Middle Tennessee State,13,28.8,26.2,39.4,66.6,264.8,1.6,34.8,108.5,3.1,1.5,74.2,373.3,5.0,11.7,5.7,2.8,20.2,6.5,58.3,0.5,0.8,1.4
2022,Army,12,28.6,3.5,8.7,40.4,76.7,0.4,54.0,289.4,5.4,3.2,62.7,366.1,5.8,2.3,14.6,0.8,17.7,4.8,38.9,0.8,0.3,1.1
2022,Buffalo,13,28.5,21.0,35.6,59.0,235.3,1.4,41.5,141.9,3.4,1.7,77.1,377.2,4.9,11.0,9.2,1.8,22.1,5.5,51.2,0.8,0.6,1.4
2022,Kent State,12,28.4,16.2,29.1,55.6,215.2,1.4,43.1,202.1,4.7,1.9,72.2,417.3,5.8,10.0,11.6,1.3,22.8,6.8,54.8,0.4,0.7,1.1
2022,Maryland,13,28.2,22.6,34.3,65.9,260.2,1.6,36.1,141.3,3.9,1.8,70.4,401.5,5.7,11.5,7.2,1.5,20.2,7.8,71.1,0.5,0.6,1.2
2022,Minnesota,13,28.2,13.2,21.6,61.2,182.2,0.9,44.7,207.3,4.6,2.5,66.3,389.5,5.9,8.1,12.5,1.1,21.6,3.5,31.8,0.3,0.7,1.0
2022,South Florida,12,28.0,15.7,27.2,57.7,192.9,1.5,36.8,197.9,5.4,2.1,63.9,390.8,6.1,8.8,9.4,1.3,19.5,4.6,36.9,0.9,0.8,1.7
2022,Air Force,13,27.8,3.2,6.7,47.1,70.5,0.6,61.7,326.7,5.3,2.8,68.4,397.2,5.8,2.5,17.2,0.7,20.4,3.9,29.7,0.8,0.2,1.0
2022,Syracuse,13,27.7,17.6,28.5,61.7,232.3,1.5,34.2,142.5,4.2,1.6,62.7,374.8,6.0,10.7,7.8,1.8,20.3,8.5,63.0,0.3,0.7,1.0
2022,Liberty,13,27.5,17.7,30.5,58.1,216.7,1.6,37.9,172.7,4.6,1.8,68.4,389.4,5.7,10.1,8.6,1.8,20.5,6.2,53.5,0.9,1.2,2.1
2022,San Jose State,12,27.4,21.7,35.9,60.3,272.5,1.9,28.6,95.8,3.3,1.6,64.5,368.3,5.7,11.9,5.8,2.7,20.3,5.8,48.9,0.2,0.6,0.8
2022,Northern Illinois,12,27.3,15.4,27.3,56.4,182.7,1.5,39.8,190.4,4.8,1.6,67.2,373.1,5.6,8.6,8.8,1.3,18.8,6.3,62.5,0.2,1.2,1.3
2022,Louisville,13,26.9,16.8,28.3,59.2,205.5,1.0,39.8,200.6,5.0,1.9,68.2,406.2,6.0,9.6,8.9,1.8,20.3,6.9,66.0,0.9,0.9,1.8
2022,Purdue,14,26.6,26.4,41.6,63.3,278.8,1.9,33.3,121.0,3.6,1.2,74.9,399.8,5.3,12.7,7.9,2.4,23.1,5.4,53.6,0.4,1.2,1.6
2022,UNLV,12,26.3,18.9,30.1,62.9,215.0,1.3,33.5,137.1,4.1,1.5,63.6,352.1,5.5,9.0,7.3,1.3,17.7,5.8,57.1,0.7,0.6,1.3
2022,Wisconsin,13,26.3,14.5,25.1,57.7,183.8,1.6,38.5,179.8,4.7,1.6,63.6,363.6,5.7,8.5,7.9,1.6,18.0,6.2,57.8,0.5,0.8,1.4
2022,Louisiana,13,26.2,19.5,34.0,57.2,222.5,2.1,35.1,141.9,4.0,0.8,69.1,364.5,5.3,9.6,8.8,1.2,19.6,6.5,55.7,0.7,0.8,1.5
2022,Arizona State,12,26.1,22.5,33.6,67.0,251.9,1.5,32.1,135.3,4.2,1.8,65.7,387.2,5.9,12.1,7.3,1.8,21.3,7.3,72.3,0.8,0.8,1.5
2022,Washington State,13,26.1,24.8,38.5,64.6,253.8,1.8,28.2,106.8,3.8,1.3,66.7,360.7,5.4,11.5,6.5,1.9,19.8,5.4,45.3,0.7,0.7,1.4
2022,Troy,14,25.6,17.9,28.6,62.6,242.9,1.4,35.4,117.0,3.3,1.5,64.1,359.9,5.6,10.4,7.2,2.0,19.6,5.4,49.9,0.4,1.1,1.5
2022,New Mexico State,13,25.5,12.2,23.5,52.1,169.2,1.4,34.8,161.5,4.6,1.9,58.3,330.6,5.7,7.0,7.3,2.4,16.7,6.5,56.6,0.5,1.0,1.5
2022,Southern Mississippi,13,25.3,14.6,26.6,54.9,206.7,1.5,36.8,141.8,3.9,1.2,63.4,348.5,5.5,8.3,7.7,1.8,17.8,6.6,58.4,0.9,1.1,2.0
2022,Rice,13,25.2,17.9,31.0,57.8,232.9,1.8,35.3,141.5,4.0,1.3,66.3,374.4,5.6,10.0,8.4,1.7,20.1,6.0,52.5,0.9,1.5,2.5
2022,Arkansas State,12,25.0,20.6,33.0,62.4,226.6,1.3,31.8,88.2,2.8,1.3,64.8,314.8,4.9,10.3,5.5,1.4,17.2,5.8,55.3,0.3,0.4,0.8
2022,Auburn,12,24.8,13.3,25.7,51.6,172.7,0.8,40.7,205.8,5.1,2.1,66.3,378.5,5.7,7.3,10.0,0.8,18.1,7.5,57.3,0.9,1.0,1.9
2022,Central Michigan,12,24.8,18.3,32.5,56.2,208.1,1.3,37.0,159.2,4.3,1.8,69.5,367.3,5.3,9.9,8.0,2.3,20.2,7.0,63.2,1.5,0.8,2.3
2022,Missouri,13,24.8,19.3,30.5,63.4,214.1,1.1,37.7,155.7,4.1,1.5,68.2,369.8,5.4,9.5,7.8,1.4,18.6,7.8,63.7,0.9,0.7,1.6
2022,Vanderbilt,12,24.6,16.7,28.8,57.8,187.3,1.8,37.1,159.9,4.3,1.1,65.9,347.3,5.3,7.8,7.8,1.9,17.5,5.3,46.1,1.0,0.5,1.5
2022,Marshall,13,24.5,17.3,28.2,61.3,192.0,1.2,45.9,205.9,4.5,1.5,74.2,397.9,5.4,7.8,11.7,1.5,20.9,7.2,66.1,0.7,0.8,1.5
2022,Charlotte,12,24.4,21.4,35.8,59.9,271.0,2.3,30.9,116.1,3.8,1.1,66.7,387.1,5.8,12.2,6.8,2.3,21.3,6.8,59.5,0.6,1.2,1.8
2022,Michigan State,12,24.4,21.5,34.3,62.6,240.0,1.9,30.1,113.0,3.8,1.3,64.4,353.0,5.5,11.2,6.7,2.3,20.2,5.8,54.9,0.3,1.0,1.3
2022,UTEP,12,24.4,16.8,31.7,53.2,217.7,1.3,38.7,167.2,4.3,1.2,70.3,384.8,5.5,9.9,9.3,1.8,21.0,6.5,55.8,0.8,1.0,1.8
2022,North Carolina State,13,24.3,20.7,36.2,57.1,226.1,1.8,34.0,113.8,3.3,0.6,70.2,339.8,4.8,10.5,7.4,2.5,20.4,7.3,57.5,0.6,0.6,1.2
2022,Illinois,13,24.2,21.2,30.4,69.6,211.8,1.2,41.8,166.2,4.0,1.4,72.2,378.0,5.2,10.4,8.9,1.8,21.1,6.5,61.4,0.9,0.4,1.3
2022,California,12,23.9,24.3,38.8,62.4,268.0,1.9,26.6,96.6,3.6,0.8,65.4,364.6,5.6,11.6,5.7,2.0,19.3,5.3,44.6,0.3,0.8,1.0
2022,Miami (FL),12,23.6,21.3,34.4,61.7,239.0,1.5,34.5,128.1,3.7,1.0,68.9,367.1,5.3,10.9,8.3,2.1,21.3,7.1,60.0,1.1,1.0,2.1
2022,Bowling Green State,13,23.5,20.5,33.7,60.7,234.7,1.9,31.9,100.2,3.1,0.6,65.6,334.8,5.1,9.7,6.2,1.5,17.5,7.8,70.5,0.9,0.8,1.8
2022,Ball State,12,23.3,23.9,40.1,59.7,228.5,1.5,34.8,155.7,4.5,1.2,74.8,384.2,5.1,11.3,7.9,2.2,21.3,6.0,55.9,0.6,1.2,1.8
2022,Indiana,12,23.3,21.8,40.3,54.0,217.4,1.3,33.0,110.8,3.4,1.3,73.3,328.3,4.5,9.8,6.8,2.7,19.2,5.0,45.3,0.4,1.1,1.5
2022,Texas A&M,12,22.8,18.3,32.6,56.3,219.4,1.5,30.5,141.5,4.6,1.0,63.1,360.9,5.7,9.2,7.8,2.5,19.5,6.3,49.1,0.9,0.5,1.4
2022,Nebraska,12,22.6,17.1,28.3,60.3,220.8,1.4,35.0,123.3,3.5,1.4,63.3,344.2,5.4,9.3,7.0,1.8,18.1,5.4,42.5,0.5,1.1,1.6
2022,Louisiana-Monroe,12,22.3,18.4,27.7,66.6,205.3,1.3,34.8,120.7,3.5,1.3,62.5,326.0,5.2,8.4,7.3,2.2,17.8,4.9,44.8,0.7,0.6,1.3
2022,Utah State,13,22.2,17.7,30.6,57.8,195.2,1.4,42.3,159.2,3.8,1.1,72.9,354.3,4.9,8.9,8.8,2.1,19.8,8.5,77.5,0.5,1.6,2.1
2022,Navy,12,21.9,4.5,10.5,42.9,85.7,0.8,59.0,241.2,4.1,1.8,69.5,326.8,4.7,2.9,13.3,1.4,17.6,3.8,31.3,0.8,0.5,1.3
2022,Temple,12,21.9,24.0,40.3,59.5,268.1,1.5,26.5,82.4,3.1,0.9,66.8,350.5,5.2,12.9,3.9,1.6,18.4,4.6,37.0,0.9,1.0,1.9
2022,Akron,12,21.8,26.9,41.8,64.3,283.1,1.3,31.1,89.6,2.9,1.3,72.9,372.7,5.1,14.0,6.5,2.3,22.8,6.7,60.1,1.2,1.0,2.2
2022,San Diego State,13,21.5,14.3,26.4,54.2,181.5,1.2,36.2,143.4,4.0,0.8,62.6,324.9,5.2,8.2,6.8,0.9,15.8,7.4,59.4,0.8,1.1,1.9
2022,Stanford,12,21.3,22.9,37.3,61.4,254.3,1.3,31.3,107.3,3.4,1.2,68.7,361.6,5.3,12.1,6.5,2.2,20.8,4.6,41.3,1.2,0.7,1.8
2022,Wyoming,13,21.2,12.0,23.4,51.3,132.2,0.8,36.8,181.4,4.9,1.2,60.2,313.6,5.2,6.2,8.6,1.2,16.0,4.3,37.5,0.3,0.9,1.2
2022,Texas State,12,21.1,22.9,37.0,61.9,221.1,1.6,31.9,104.1,3.3,0.8,68.9,325.2,4.7,9.3,6.6,1.9,17.8,4.9,44.7,0.6,0.8,1.4
2022,Kentucky,13,20.4,17.2,26.8,64.2,208.5,1.6,35.6,116.2,3.3,0.7,62.5,324.7,5.2,8.9,6.9,1.8,17.6,5.7,39.5,0.5,1.0,1.5
2022,Iowa State,12,20.2,26.1,39.9,65.3,261.8,1.6,32.8,108.0,3.3,0.8,72.7,369.8,5.1,12.8,6.1,1.6,20.4,5.6,46.1,0.6,1.3,1.8
2022,Miami (OH),13,20.2,14.2,26.0,54.4,165.5,1.2,37.2,140.1,3.8,1.1,63.2,305.6,4.8,7.5,7.7,2.0,17.2,5.5,48.2,0.6,0.4,1.0
2022,Hawaii,13,19.8,20.1,37.7,53.3,205.5,1.0,31.2,137.2,4.4,1.2,68.9,342.8,5.0,9.2,8.1,1.5,18.8,5.6,50.2,0.6,0.9,1.5
2022,Old Dominion,12,19.5,19.8,35.1,56.3,247.2,1.6,25.9,92.3,3.6,0.7,61.0,339.4,5.6,10.0,4.6,1.4,16.0,6.8,62.1,1.0,0.6,1.6
2022,Connecticut,13,19.4,12.1,21.2,56.9,112.2,0.8,40.4,191.0,4.7,1.5,61.6,303.2,4.9,5.0,9.5,1.6,16.2,7.1,60.0,0.9,0.8,1.7
2022,Virginia Tech,11,19.3,18.5,31.5,58.7,203.3,0.8,35.3,110.2,3.1,1.4,66.7,313.5,4.7,9.0,6.5,2.0,17.5,7.4,58.5,0.5,0.8,1.4
2022,Western Michigan,12,19.0,13.9,27.9,49.9,165.7,0.8,38.8,136.3,3.5,1.2,66.7,301.9,4.5,7.6,7.0,2.2,16.8,6.7,62.9,0.7,1.1,1.8
2022,Nevada,12,18.8,18.1,33.2,54.5,185.6,0.6,35.6,118.4,3.3,1.6,68.8,304.0,4.4,8.4,7.0,1.8,17.2,6.0,55.1,0.8,0.7,1.4
2022,Florida International,12,18.7,22.6,39.0,57.9,218.8,1.3,29.7,105.0,3.5,0.9,68.7,323.8,4.7,10.4,6.0,1.4,17.8,6.2,53.3,0.5,1.3,1.8
2022,Boston College,12,17.8,21.8,36.7,59.5,247.1,1.8,30.3,63.2,2.1,0.5,66.9,310.3,4.6,10.1,5.4,1.3,16.8,6.0,48.5,1.0,1.2,2.2
2022,Iowa,13,17.7,14.8,26.8,55.0,156.7,0.5,32.5,94.8,2.9,0.9,59.3,251.5,4.2,7.2,5.5,1.1,13.8,4.1,32.7,0.8,0.5,1.3
2022,Rutgers,12,17.4,14.0,27.7,50.6,153.9,0.9,35.8,127.8,3.6,0.9,63.5,281.7,4.4,6.9,7.2,0.8,14.8,7.8,64.2,0.5,1.2,1.7
2022,Georgia Tech,12,17.2,18.3,31.8,57.5,192.2,0.8,35.5,132.7,3.7,1.1,67.3,324.8,4.8,8.9,7.2,1.6,17.7,5.8,51.9,0.3,0.8,1.1
2022,Virginia,10,17.0,18.5,34.1,54.3,221.0,0.7,32.9,123.1,3.7,1.3,67.0,344.1,5.1,9.2,7.4,2.5,19.1,7.0,62.2,1.0,1.2,2.2
2022,Colorado,12,15.4,14.9,30.0,49.7,172.9,0.8,32.3,108.3,3.4,0.9,62.3,281.3,4.5,7.2,7.2,1.6,15.9,5.3,48.3,1.0,0.8,1.8
2022,Northwestern,12,13.8,20.4,34.8,58.8,210.3,0.8,39.1,125.1,3.2,0.9,73.8,335.4,4.5,9.5,7.8,1.7,19.0,4.6,40.8,1.2,1.4,2.6
2022,Colorado State,12,13.2,16.9,26.8,63.0,196.8,1.0,32.1,89.0,2.8,0.3,58.9,285.8,4.9,7.9,5.5,1.3,14.7,6.9,60.4,0.8,0.9,1.7
2022,New Mexico,12,13.1,11.4,21.3,53.7,104.9,0.3,36.6,123.2,3.4,1.0,57.8,228.1,3.9,4.1,7.7,1.6,13.3,6.1,51.2,0.4,0.8,1.2
2022,Massachusetts,12,12.5,11.3,23.1,49.1,116.9,0.3,43.3,148.8,3.4,0.8,66.4,265.8,4.0,5.2,7.8,1.6,14.6,7.6,66.7,0.5,1.2,1.7
